22 0.98046875 0.27638888906250003 0.99921875 0.290277778125 0.99921875 0.0861111109375 0.97890625 0.0916666671875 0.93515625 0.115277778125 0.9109375 0.14305555625 0.91015625 0.1611111109375 0.9140625 0.1763888890625 0.94375 0.23333333281250002 0.98046875 0.27638888906250003
19 0.99921875 0.83194444375 0.96640625 0.815277778125 0.9640625 0.809722221875 0.9265625 0.797222221875 0.92109375 0.7833333328125 0.92109375 0.772222221875 0.9234375 0.7708333328125 0.921875 0.7569444437499999 0.92421875 0.7541666671875 0.91953125 0.75 0.82890625 0.777777778125 0.82109375 0.784722221875 0.83984375 0.7875 0.85078125 0.7833333328125 0.8765625 0.7888888890625 0.871875 0.8083333328125001 0.86484375 0.8138888890624999 0.85234375 0.8138888890624999 0.81796875 0.83194444375 0.80625 0.83194444375 0.72421875 0.8625 0.66484375 0.875 0.64609375 0.8847222218749999 0.61875 0.8875 0.61640625 0.89305555625 0.591796875 0.9055555562500001 0.5796875 0.9069444437499999 0.571875 0.902777778125 0.56796875 0.8916666671875 0.56328125 0.8916666671875 0.540625 0.8611111109375 0.53984375 0.8111111109375001 0.49921875 0.7638888890625 0.49921875 0.6958333328124999 0.49609375 0.66944444375 0.48828125 0.6555555562500001 0.48515625 0.58055555625 0.48203125 0.56805555625 0.45234375 0.5736111109375 0.215625 0.5138888890625 0.1953125 0.515277778125 0.19296875 0.5208333328125 0.19453125 0.5527777781250001 0.240625 0.5541666671875001 0.25 0.5611111109375 0.25703125 0.58055555625 0.24609375 0.63055555625 0.2421875 0.847222221875 0.234375 0.8666666671875 0.18046875 0.8819444437499999 0.14453125 0.8819444437499999 0.13203125 0.8763888890624999 0.1265625 0.85555555625 0.11875 0.8541666671874999 0.11171875 0.8819444437499999 0.0734375 0.98194444375 0.0734375 0.9930555562500001 0.09296875 0.9986111109375001 0.99921875 0.9958333328125001 0.99921875 0.83194444375
20 0.128125 0.8388888890624999 0.1328125 0.872222221875 0.17890625 0.8763888890624999 0.19921875 0.872222221875 0.23359375 0.85555555625 0.23828125 0.8430555562500001 0.24140625 0.815277778125 0.2421875 0.6333333328124999 0.24453125 0.6138888890625 0.253125 0.5986111109375 0.2546875 0.5833333328125 0.2484375 0.5638888890625 0.2421875 0.559722221875 0.18359375 0.55694444375 0.15 0.559722221875 0.12734375 0.584722221875 0.11796875 0.5861111109375 0.11171875 0.6 0.11171875 0.6458333328125 0.1203125 0.6708333328125 0.12578125 0.7458333328125 0.128125 0.8388888890624999
17 0.51328125 0.5236111109375 0.51328125 0.5763888890625 0.525 0.58194444375 0.52578125 0.527777778125 0.51328125 0.5236111109375
23 0.21875 0.3736111109375 0.27890625 0.352777778125 0.2828125 0.3611111109375 0.30625 0.3625 0.31796875 0.3416666671875 0.31953125 0.1611111109375 0.3140625 0.13333333281249998 0.2984375 0.1361111109375 0.18984375 0.1166666671875 0.18515625 0.13194444375 0.1875 0.375 0.190625 0.38333333281250004 0.21640625 0.38333333281250004 0.21875 0.3736111109375
13 0.23203125 0.46527777812500004 0.21875 0.4583333328125 0.22109375 0.42222222187499997 0.2171875 0.415277778125 0.19296875 0.4138888890625 0.190625 0.415277778125 0.19296875 0.4875 0.23359375 0.48055555625 0.23203125 0.46527777812500004
17 0.22087125 0.41338543593750005 0.2201560890625 0.4009836 0.20513774843750002 0.4009836 0.204064996875 0.40734351875 0.204064996875 0.412113459375 0.22087125 0.41338543593750005
5 0.02890625 0 0.03125 0.1041666671875 0.02890625 0.1111111109375 0.03125 0.1166666671875 0.0296875 0.1263888890625 0.03515625 0.2125 0.03515625 0.3291666671875 0.0484375 0.8958333328125001 0.0515625 0.98055555625 0.0546875 0.99444444375 0.06875 0.9930555562500001 0.11953125 0.8513888890624999 0.1171875 0.7541666671875 0.10703125 0.6236111109375 0.109375 0.5944444437499999 0.13125 0.5763888890625 0.1390625 0.5611111109375 0.1546875 0.5513888890625 0.1484375 0.2236111109375 0.14296875 0.2166666671875 0.14140625 0.19583333281249998 0.14453125 0.1666666671875 0.1421875 0.14861111093749999 0.1453125 0.1361111109375 0.14375 0 0.02890625 0
5 0.14609375 0 0.15390625 0.48055555625 0.1578125 0.5541666671875001 0.190625 0.5527777781250001 0.1890625 0.49444444374999996 0.184375 0.490277778125 0.1890625 0.434722221875 0.18515625 0.43055555625 0.18671875 0.415277778125 0.18359375 0.40694444374999994 0.18671875 0.40277777812500004 0.18671875 0.38333333281250004 0.18125 0 0.14609375 0
3 0.2359375 0.3986111109375 0.2375 0.40416666718750005 0.2359375 0.4583333328125 0.2375 0.4791666671875 0.2421875 0.48055555625 0.24765625 0.47222222187499996 0.25703125 0.4791666671875 0.25859375 0.4888888890625 0.26328125 0.4888888890625 0.2625 0.49583333281249997 0.271875 0.48194444374999995 0.2828125 0.4791666671875 0.2890625 0.48194444374999995 0.28828125 0.497222221875 0.27890625 0.515277778125 0.2703125 0.5236111109375 0.265625 0.5361111109375 0.26640625 0.540277778125 0.271875 0.5416666671875 0.27265625 0.5291666671875 0.27890625 0.522222221875 0.28515625 0.525 0.28984375 0.5333333328125 0.29453125 0.5333333328125 0.2984375 0.51805555625 0.309375 0.540277778125 0.315625 0.540277778125 0.31484375 0.44305555625000004 0.3109375 0.434722221875 0.31015625 0.425 0.30625 0.425 0.3015625 0.415277778125 0.284375 0.42083333281249996 0.27734375 0.4166666671875 0.26640625 0.40138888906250003 0.26484375 0.39305555625 0.25859375 0.38333333281250004 0.2578125 0.372222221875 0.25234375 0.3638888890625 0.2390625 0.365277778125 0.23125 0.3708333328125 0.228125 0.3791666671875 0.22578125 0.3958333328125 0.23046875 0.4 0.23046875 0.40833333281249995 0.2359375 0.3986111109375
11 0.26796875 0.40833333281249995 0.26875 0.41805555625 0.27890625 0.45277777812500003 0.2828125 0.45694444375 0.290625 0.44444444375 0.2953125 0.45277777812500003 0.29921875 0.4625 0.30078125 0.477777778125 0.303125 0.48055555625 0.303125 0.5041666671875 0.31015625 0.5097222218749999 0.31015625 0.5166666671875 0.3140625 0.51805555625 0.315625 0.477777778125 0.3125 0.40277777812500004 0.309375 0.4 0.29453125 0.40555555625000006 0.28671875 0.40138888906250003 0.27265625 0.372222221875 0.27421875 0.3611111109375 0.27265625 0.3333333328125 0.2671875 0.3263888890625 0.259375 0.3263888890625 0.25390625 0.33194444375 0.2515625 0.34305555625 0.2578125 0.38194444375000003 0.26328125 0.40277777812500004 0.26796875 0.40833333281249995
3 0.21875 0.44166666718750003 0.21875 0.4583333328125 0.2203125 0.4625 0.23359375 0.46388888906250003 0.23515625 0.4625 0.23671875 0.4513888890625 0.23828125 0.4 0.23671875 0.3958333328125 0.2375 0.3916666671875 0.2328125 0.3875 0.23125 0.3791666671875 0.23515625 0.3708333328125 0.23828125 0.36805555624999997 0.2421875 0.365277778125 0.2484375 0.36666666718749996 0.25078125 0.3638888890625 0.24921875 0.35972222187499997 0.2375 0.35694444375 0.23359375 0.3541666671875 0.228125 0.3541666671875 0.221875 0.3583333328125 0.22109375 0.38194444375000003 0.221875 0.42222222187499997 0.2203125 0.4263888890625 0.21875 0.44166666718750003
18 0.315625 0.5097222218749999 0.3171875 0.527777778125 0.31640625 0.540277778125 0.31796875 0.54305555625 0.321875 0.54305555625 0.3203125 0.4361111109375 0.32109375 0.4291666671875 0.325 0.427777778125 0.32734375 0.42083333281249996 0.32734375 0.40972222187499996 0.32578125 0.40555555625000006 0.31328125 0.40694444374999994 0.3125 0.4125 0.3140625 0.415277778125 0.315625 0.45694444375 0.315625 0.5097222218749999
8 0.2265625 0.09305555625 0.22890625 0.0888888890625 0.228125 0.05694444375 0.2328125 0.027777778125000003 0.22734375 0.0236111109375 0.21796875 0.026388889062499997 0.21875 0.06805555625000001 0.21640625 0.08333333281250001 0.21953125 0.0916666671875 0.2265625 0.09305555625