19 1 0.7458333328125 0.98671875 0.69305555625 0.9328125 0.6416666671875 0.88828125 0.6083333328125 0.85703125 0.6041666671875 0.83515625 0.6208333328125 0.82109375 0.6180555562500001 0.721875 0.5166666671875 0.71796875 0.5013888890625 0.7109375 0.49305555625 0.63046875 0.49583333281249997 0.59765625 0.51944444375 0.55078125 0.525 0.4265625 0.6013888890625 0.322908728125 0.69073163125 0.2586337125 0.7320138390625 0.1640065125 0.793936846875 0.12204922031250001 0.8288679359375 0.08544816718750001 0.8542722875000001 0.0640625 0.8513888890624999 0.05703125 0.8611111109375 0.04140625 0.8652777781250001 0 0.8625 0 1 1 1 1 0.7458333328125
15 0.41763390781250004 0.0003968265625 0.4211067078125 0.4906721390625 0.47824009375000004 0.468443346875 0.4791327890625 0.00005014375 0.41763390781250004 0.0003968265625
12 0.5696300328125 0.2243491234375 0.5819178468749999 0.21379836718749998 0.5797992609375 0.1783780453125 0.586578734375 0.16104465625 0.5759857953124999 0.145218534375 0.56369798125 0.1489866578125 0.5581896734375 0.12411703593750001 0.546262565625 0.119188746875 0.54420698125 0.31629133593750003 0.560308259375 0.320813071875 0.560308259375 0.2695666015625 0.5696300328125 0.2243491234375
5 0.6137314218750001 0.393009490625 0.6124081578125 0.40336516875 0.61171875 0.42055555624999996 0.6128492078125001 0.5032266984375 0.6213235593750001 0.500965859375 0.62265625 0.4106481484375 0.6219356734375 0.36333716875 0.6232589359375 0.2513077796875 0.6234375 0.19444444375 0.584375 0.2 0.5848842921874999 0.2235357890625 0.5854135890625 0.2903768578125 0.5859428859375 0.31767814375 0.5859428859375 0.3699446625 0.58753081875 0.3864195546875 0.6137314218750001 0.393009490625
20 0.60887668125 0.508314309375 0.61311385625 0.49851716718750005 0.6135458984375 0.393503034375 0.5955771484375 0.38655859062500003 0.5855722171875 0.383966215625 0.5854208984375 0.318503034375 0.5690146484375 0.30322525625 0.5651083984375 0.306003034375 0.5635458984375 0.36572525625 0.564810084375 0.5143432734375 0.580063909375 0.5181113953125001 0.5974363203124999 0.5173577828125 0.60887668125 0.508314309375
3 1 0.3013888890625 0.90546875 0.302777778125 0.8453125 0.3125 0.8140625 0.3263888890625 0.7953125 0.3625 0.78984375 0.3861111109375 0.78203125 0.46527777812500004 0.75546875 0.9625 0.75546875 1 0.7671875 1 0.79296875 0.5708333328124999 0.8029296875 0.5513888890625 0.8546875 0.559722221875 0.8671875 0.575 0.94453125 0.5861111109375 0.97109375 0.5958333328125 0.97578125 0.6041666671875 0.98828125 0.7194444437499999 1 0.7916666671875 1 0.3013888890625
8 0.696635809375 0.037926596875 0.696635809375 0.024124337500000002 0.6955650890625 0.0003273046875 0.6795042203125 0.0012791734375 0.6347363374999999 0.00648278125 0.6299832578125 0.0093701671875 0.63346310625 0.0483973015625 0.6396197734375 0.0483973015625 0.696635809375 0.037926596875
8 0.674953653125 0.15778665625 0.69047918125 0.15445506874999998 0.6939589921875 0.15302723437500002 0.694762059375 0.138273096875 0.6936913031249999 0.1301820875 0.6500593359375 0.1335136921875 0.6473822218749999 0.13708999375 0.6476502078124999 0.15731071875 0.6505946781249999 0.1601663515625 0.674953653125 0.15778665625
5 0.72914535 0.481360490625 0.72914535 0.3635384875 0.7236930874999999 0.20171968125 0.6241839812500001 0.2122779984375 0.6226163812500001 0.3695041359375 0.621358184375 0.4821061703125 0.72914535 0.481360490625
8 0.6784335015625 0.16540169375 0.6615696 0.1701611 0.6588927828125 0.1744445671875 0.659963503125 0.18777091875000002 0.6853931984375 0.1849152703125 0.686463953125 0.1796799265625 0.6859285749999999 0.16682954375 0.6784335015625 0.16540169375
11 0.7296875 0.309722221875 0.72890625 0.3986111109375 0.73359375 0.5263888890625 0.73125 0.5625 0.71328125 0.58194444375 0.7125 0.5930555562500001 0.75078125 0.5930555562500001 0.75078125 0.575 0.740625 0.5638888890625 0.740625 0.5416666671875 0.75234375 0.5069444437499999 0.75390625 0.477777778125 0.7703125 0.48055555625 0.77265625 0.49305555625 0.77890625 0.4875 0.784375 0.3986111109375 0.79296875 0.352777778125 0.79296875 0.3166666671875 0.78828125 0.28055555625 0.790625 0.25694444375000003 0.82890625 0.2236111109375 0.83125 0.20277777812500003 0.8203125 0.1986111109375 0.815625 0.21111111093749999 0.80703125 0.21944444375 0.79765625 0.20972222187499998 0.7984375 0.1583333328125 0.78046875 0.1291666671875 0.771875 0.07083333281250001 0.7625 0.054166667187499996 0.7515625 0.05694444375 0.740625 0.07083333281250001 0.73203125 0.1416666671875 0.71875 0.1625 0.7125 0.1875 0.70703125 0.259722221875 0.7125 0.26944444375 0.721875 0.2708333328125 0.7296875 0.309722221875
5 0.8502507703125 0 0.828217309375 0.0015974937500000002 0.819403971875 0.49361787812499996 0.8465220984374999 0.5948724453125 0.8722842765625 0.5984886656249999 0.8719453359375 0.259360453125 0.869572471875 0 0.8502507703125 0