19 0.9052734375 0.972222221875 0.8291015625 0.8680555562500001 0.712890625 0.6961805562500001 0.7109375 0.578125 0.7080078125 0.5694444437499999 0.6240234375 0.5069444437499999 0.5751953125 0.5069444437499999 0.5537109375 0.49305555625 0.5400390625 0.49305555625 0.537109375 0.4982638890625 0.53125 0.5399305562500001 0.5 0.5399305562500001 0.4853515625 0.5104166671875 0.4501953125 0.5173611109375 0.4404296875 0.5138888890625 0.4296875 0.5329861109375 0.4052734375 0.5416666671875 0.3984375 0.5572916671875 0.29296875 0.6579861109375 0.0009765625 0.9201388890625 0.0009765625 0.996527778125 0.91015625 0.9947916671874999 0.91015625 0.980902778125 0.9052734375 0.972222221875
11 0.4921875 0.5017361109375 0.50390625 0.5399305562500001 0.498046875 0.578125 0.5009765625 0.5833333328125 0.5283203125 0.5798611109375 0.541015625 0.359375 0.5390625 0.328125 0.55859375 0.3072916671875 0.560546875 0.29340277812500004 0.556640625 0.2552083328125 0.552734375 0.237847221875 0.5419921875 0.21875 0.5322265625 0.21180555625 0.5263671875 0.1979166671875 0.529296875 0.1614583328125 0.5224609375 0.14930555625 0.5107421875 0.14930555625 0.5078125 0.15451388906250002 0.501953125 0.1927083328125 0.482421875 0.22395833281250002 0.474609375 0.29340277812500004 0.48828125 0.328125 0.490234375 0.48090277812500004 0.4921875 0.5017361109375
3 0.462890625 0.512152778125 0.470703125 0.4635416671875 0.4873046875 0.46180555625 0.490234375 0.45659722187499996 0.4853515625 0.4479166671875 0.4853515625 0.4236111109375 0.4697265625 0.4201388890625 0.4619140625 0.39930555624999997 0.455078125 0.4010416671875 0.458984375 0.4392361109375 0.4541015625 0.5173611109375 0.45703125 0.5086805562500001 0.462890625 0.512152778125
20 0.8544921875 0 0.81640625 0.046875 0.8125 0.074652778125 0.8115234375 0.25347222187499996 0.7236328125 0.3125 0.71875 0.328125 0.71484375 0.390625 0.712890625 0.675347221875 0.71875 0.703125 0.8876953125 0.9444444437499999 0.9091796875 0.972222221875 0.9130859375 0.972222221875 0.916015625 0.9600694437499999 0.921875 0.543402778125 0.9248046875 0 0.8544921875 0
8 0.5498046875 0.13888888906250002 0.556640625 0.1302083328125 0.5556640625 0.1076388890625 0.5107421875 0.1076388890625 0.5078125 0.112847221875 0.5078125 0.13368055625 0.5126953125 0.13888888906250002 0.5498046875 0.13888888906250002
8 0.55078125 0.21006944375 0.55078125 0.19618055625 0.53125 0.16493055625 0.525390625 0.1927083328125 0.5322265625 0.21180555625 0.5439453125 0.21875 0.55078125 0.21006944375
5 0.556640625 0.4392361109375 0.552734375 0.42534722187499996 0.556640625 0.3177083328125 0.5517578125 0.31597222187499996 0.5390625 0.328125 0.53515625 0.484375 0.5537109375 0.4861111109375 0.556640625 0.48090277812500004 0.556640625 0.4392361109375
5 0.564453125 0.453125 0.564453125 0.48784722187499996 0.5732421875 0.5 0.57421875 0.2795138890625 0.5712890625 0.2638888890625 0.5634765625 0.2638888890625 0.560546875 0.26909722187499996 0.560546875 0.30034722187499996 0.556640625 0.3177083328125 0.556640625 0.3697916671875 0.564453125 0.453125
5 0.615234375 0.234375 0.6123046875 0.22916666718749998 0.5791015625 0.22916666718749998 0.57421875 0.234375 0.57421875 0.49131944375 0.5771484375 0.503472221875 0.6162109375 0.503472221875 0.615234375 0.234375
5 0.448357396875 0.5066806421875001 0.48801256249999997 0.515496984375 0.48828125 0.41493055625 0.48828125 0.33159722187499996 0.474609375 0.29340277812500004 0.474609375 0.27256944375000003 0.482421875 0.22743055625 0.4794921875 0.222222221875 0.4521484375 0.22569444375 0.451171875 0.38715277812500004 0.4541015625 0.39930555624999997 0.44885307812499997 0.43438662656249993 0.448357396875 0.5066806421875001
17 0.418776878125 0.50088875 0.4193961046875 0.49317941718749997 0.4157928046875 0.49283735625 0.41351358125 0.496483425 0.41475201093749997 0.50088875 0.418776878125 0.50088875