9 0.1970367828125 0.0159278796875 0.178794621875 0.01626984375 0.1765044515625 0.055622276562499996 0.197929478125 0.058797775 0.1970367828125 0.0159278796875
5 0.8046875 0.7625 0.8147913296875 0.73360146875 0.812113175 0.6669150312500001 0.8138987015625 0.62722069375 0.8192548734375 0 0.4835963328125 0.0048134531250000005 0.48538172343749997 0.5573586374999999 0.6859375 0.7638888890625 0.8046875 0.7625
19 0.89375 1 0.89453125 0.9930555562500001 0.89375 0.8208333328125 0.89140625 0.7513888890625 0.8875 0.7388888890625 0.8796875 0.7388888890625 0.86484375 0.7541666671875 0.85390625 0.7569444437499999 0.68203125 0.7638888890625 0.67734375 0.7708333328125 0.6765625 0.7986111109375 0.67109375 0.809722221875 0.66015625 0.815277778125 0.56953125 0.825 0.50546875 0.8208333328125 0.49609375 0.815277778125 0.48984375 0.8027777781250001 0.48515625 0.672222221875 0.46796875 0.665277778125 0.4546875 0.6319444437499999 0.4328125 0.6041666671875 0.41796875 0.56805555625 0.4125 0.5125 0.40078125 0.5013888890625 0.36953125 0.4986111109375 0.353125 0.502777778125 0.33828125 0.522222221875 0.32734375 0.559722221875 0.265625 0.56805555625 0.2484375 0.5930555562500001 0.2453125 0.6583333328125 0.23515625 0.675 0.15234375 0.6833333328125 0.1046875 0.7013888890625 0.0015625 0.702777778125 0 1 0.89375 1
20 0.4859375 0.7986111109375 0.4921875 0.815277778125 0.51796875 0.827777778125 0.61953125 0.8236111109375001 0.66796875 0.815277778125 0.67890625 0.8 0.684375 0.6736111109375 0.684375 0.5708333328124999 0.62109375 0.55694444375 0.49921875 0.5625 0.48515625 0.5694444437499999 0.4496733671875 0.624045134375 0.48448902812499994 0.6288085640625 0.4871671828125 0.6589761625 0.48203125 0.6791666671875001 0.4859375 0.7986111109375
20 0 0.6319444437499999 0.00859375 0.672222221875 0.0203125 0.7 0.0328125 0.70555555625 0.0984375 0.70694444375 0.12578125 0.7 0.13984375 0.6833333328125 0.13671875 0.6180555562500001 0.140625 0.5791666671875 0.15 0.55694444375 0.14921875 0.5458333328125 0.1421875 0.5319444437499999 0.07109375 0.5291666671875 0.00234375 0.5361111109375 0 0.5375 0 0.6319444437499999
23 0.34921875 0.3875 0.3578125 0.4 0.41875 0.4 0.425 0.39305555625 0.42734375 0.38055555625 0.42578125 0.1263888890625 0.41640625 0.11388888906250001 0.40078125 0.11944444375 0.35078125 0.1166666671875 0.346875 0.12361111093749999 0.34765625 0.20555555625 0.35 0.2138888890625 0.34921875 0.3875
2 0.397896290625 0.4049324078125 0.3612952375 0.40652015781250006 0.3612952375 0.5001988171875 0.39611083125 0.5081376828125 0.397896290625 0.4049324078125
18 0.4014671390625 0.4239856421875 0.4282484078125 0.4239856421875 0.42767855 0.40515873124999996 0.3934327453125 0.40652015781250006 0.3934327453125 0.5176643000000001 0.402359834375 0.5176643000000001 0.4014671390625 0.4239856421875
20 0.430037503125 0.57323649375 0.431026765625 0.47857143124999996 0.41129062968749996 0.4795577125 0.4095051703125 0.503374315625 0.41664687031250003 0.571648621875 0.430037503125 0.57323649375
5 0.42578125 0 0.4264629484375 0.22710176875000002 0.42421875 0.38194444375000003 0.4296875 0.4 0.42735564375 0.5097254328124999 0.4282484078125 0.6081673999999999 0.46663485 0.65421279375 0.46875 0.46388888906250003 0.47421875 0.4361111109375 0.46640625 0.3513888890625 0.46640625 0.1375 0.471875 0.0916666671875 0.46015625 0.0416666671875 0.465625 0.00555555625 0.47109375 0 0.42578125 0
5 0.3211233359375 0.5287787265625 0.31383926562500003 0.05595238125 0.25417016718749996 0.046095568749999996 0.26309725781250004 0.5287787265625 0.3211233359375 0.5287787265625