19 0.076171875 0.9913194437499999 0.0771484375 0.996527778125 1 0.9947916671874999 0.9990234375 0.7673611109375 0.9833984375 0.7743055562500001 0.9072265625 0.7743055562500001 0.8369140625 0.784722221875 0.8271484375 0.78125 0.7431640625 0.7951388890625 0.6552734375 0.7951388890625 0.650390625 0.8072916671874999 0.654296875 0.8524305562500001 0.6484375 0.862847221875 0.6484375 0.8802083328125001 0.6416015625 0.8923611109375 0.6357421875 0.8888888890625 0.6298828125 0.8993055562500001 0.5888671875 0.8020833328125001 0.5458984375 0.7951388890625 0.5390625 0.769097221875 0.5390625 0.7552083328125 0.5361328125 0.75 0.5185546875 0.746527778125 0.509765625 0.730902778125 0.513671875 0.637152778125 0.513671875 0.605902778125 0.5107421875 0.6006944437499999 0.4306640625 0.6041666671875 0.4228515625 0.6006944437499999 0.419921875 0.5954861109375 0.421875 0.5850694437499999 0.4150390625 0.5798611109375 0.3857421875 0.5833333328125 0.375 0.5677083328125 0.375 0.5399305562500001 0.3720703125 0.527777778125 0.36328125 0.546875 0.35546875 0.5399305562500001 0.35546875 0.5260416671875 0.3525390625 0.5208333328125 0.3369140625 0.5173611109375 0.3134765625 0.5208333328125 0.259765625 0.5677083328125 0.2197265625 0.59375 0.2021484375 0.597222221875 0.197265625 0.605902778125 0.201171875 0.703125 0.2001953125 0.7986111109375 0.0908203125 0.965277778125 0.076171875 0.9913194437499999
3 0.3369140625 0.4826388890625 0.36328125 0.48090277812500004 0.365234375 0.44618055625 0.3505859375 0.44097222187499996 0.349609375 0.4114583328125 0.3427734375 0.3888888890625 0.3251953125 0.3888888890625 0.322265625 0.4010416671875 0.326171875 0.5086805562500001 0.3291015625 0.5138888890625 0.3369140625 0.4826388890625
13 0.33203125 0.48784722187499996 0.3369140625 0.4826388890625 0.36328125 0.48090277812500004 0.3642578125 0.4479166671875 0.3486328125 0.44097222187499996 0.3291015625 0.44097222187499996 0.326171875 0.44618055625 0.3291015625 0.5 0.33203125 0.4982638890625 0.33203125 0.48784722187499996
2 0.19921875 0.5642361109375 0.2021484375 0.5868055562500001 0.2158203125 0.590277778125 0.2333984375 0.5833333328125 0.2880859375 0.5381944437499999 0.296875 0.5260416671875 0.3056640625 0.5243055562500001 0.310546875 0.515625 0.30859375 0.35243055624999997 0.3037109375 0.34027777812500004 0.2998046875 0.3125 0.2783203125 0.2916666671875 0.263671875 0.28993055624999997 0.2470703125 0.2638888890625 0.2255859375 0.246527778125 0.2080078125 0.23611111093749998 0.19140625 0.234375 0.189453125 0.2760416671875 0.193359375 0.4322916671875 0.201171875 0.44618055625 0.19921875 0.5642361109375
3 0.349609375 0.4357638890625 0.3544921875 0.44444444375 0.365234375 0.44965277812500004 0.359375 0.5399305562500001 0.35546875 0.5572916671875 0.35546875 0.5711805562500001 0.3583984375 0.5729166671875 0.3671875 0.48784722187499996 0.3720703125 0.47569444375 0.3779296875 0.47569444375 0.380859375 0.4670138890625 0.37890625 0.3802083328125 0.376953125 0.3697916671875 0.3642578125 0.35069444375000003 0.3544921875 0.35069444375000003 0.34765625 0.359375 0.349609375 0.3732638890625 0.345703125 0.4010416671875 0.349609375 0.41493055625 0.349609375 0.4357638890625
12 0.5263671875 0.1145833328125 0.5322265625 0.1145833328125 0.53515625 0.105902778125 0.537109375 0.0607638890625 0.53515625 0.03993055625 0.53125 0.03993055625 0.529296875 0.053819443749999994 0.5185546875 0.059027778125 0.515625 0.06423611093750001 0.515625 0.078125 0.51953125 0.09895833281250001 0.5263671875 0.1145833328125
12 0.5185546875 0.08333333281250001 0.51953125 0.09895833281250001 0.5263671875 0.1111111109375 0.5302734375 0.1111111109375 0.53515625 0.105902778125 0.53515625 0.03993055625 0.5322265625 0.034722221875 0.525390625 0.03993055625 0.52734375 0.053819443749999994 0.5185546875 0.059027778125 0.513671875 0.074652778125 0.5185546875 0.08333333281250001
12 0.478515625 0.3385416671875 0.48046875 0.36631944375000003 0.494140625 0.4010416671875 0.484375 0.4322916671875 0.484375 0.44618055625 0.4970703125 0.47569444375 0.515625 0.4739583328125 0.513671875 0.737847221875 0.5166015625 0.7430555562500001 0.5400390625 0.7430555562500001 0.541015625 0.550347221875 0.537109375 0.38715277812500004 0.5390625 0.25868055624999997 0.5361328125 0.24305555625 0.537109375 0.13368055625 0.5341796875 0.12847222187500001 0.51953125 0.13368055625 0.515625 0.14756944375 0.517578125 0.1822916671875 0.513671875 0.19965277812499999 0.4931640625 0.222222221875 0.486328125 0.237847221875 0.4970703125 0.25694444375000003 0.5 0.29340277812500004 0.482421875 0.32465277812500004 0.478515625 0.3385416671875
23 0.3759765625 0.34722222187499996 0.37890625 0.32465277812500004 0.376953125 0.2552083328125 0.3798828125 0.25 0.4130859375 0.25 0.4208984375 0.24305555625 0.4287109375 0.25347222187499996 0.431640625 0.24479166718749998 0.4404296875 0.246527778125 0.4541015625 0.23263888906250002 0.4619140625 0.24305555625 0.4658203125 0.23958333281250002 0.4716796875 0.25347222187499996 0.4833984375 0.25347222187499996 0.486328125 0.24826388906250002 0.4853515625 0.23611111093749998 0.513671875 0.19618055625 0.517578125 0.17534722187500001 0.517578125 0.08506944375 0.513671875 0.07118055625 0.515625 0.050347221875 0.5087890625 0.02430555625 0.4833984375 0.027777778125000003 0.4560546875 0.0208333328125 0.30078125 0.015625 0.298828125 0.14409722187500001 0.302734375 0.29340277812500004 0.3154296875 0.35069444375000003 0.3759765625 0.34722222187499996
12 0.2607421875 0.28472222187499996 0.2666015625 0.2916666671875 0.2763671875 0.28819444375000003 0.2978515625 0.30902777812500004 0.302734375 0.3072916671875 0.302734375 0.296875 0.2861328125 0.246527778125 0.2685546875 0.24305555625 0.2646484375 0.25347222187499996 0.2587890625 0.25 0.251953125 0.237847221875 0.2529296875 0.23263888906250002 0.2490234375 0.23263888906250002 0.244140625 0.24131944375 0.244140625 0.25868055624999997 0.25390625 0.26909722187499996 0.2607421875 0.28472222187499996
20 0.201171875 0.581597221875 0.201171875 0.44618055625 0.1962890625 0.4375 0.193359375 0.4392361109375 0.193359375 0.5295138890625 0.1953125 0.5850694437499999 0.1982421875 0.5868055562500001 0.201171875 0.581597221875