5 0.6359375 0 0.634375 0.0986111109375 0.63671875 0.24444444375000002 0.634375 0.2513888890625 0.63359375 0.309722221875 0.634375 0.372222221875 0.6375 0.3791666671875 0.6359375 0.5291666671875 0.6390625 0.66805555625 0.76328125 0.69305555625 0.89140625 0.7125 0.91171875 0.7111111109375 0.9125 0.672222221875 0.91640625 0.6486111109375 0.91640625 0.559722221875 0.9140625 0.54444444375 0.9171875 0.5361111109375 0.91328125 0.3875 0.91484375 0.10694444375 0.91796875 0.08333333281250001 0.915625 0 0.6359375 0
18 0.4015625 0.640277778125 0.409375 0.6125 0.40859375 0.3791666671875 0.421875 0.36805555624999997 0.5453125 0.365277778125 0.5578125 0.36666666718749996 0.565625 0.3736111109375 0.5736328125 0.365277778125 0.628125 0.365277778125 0.63125 0.3583333328125 0.63125 0.34444444375 0.62578125 0.33888888906250003 0.584375 0.33888888906250003 0.571875 0.315277778125 0.57265625 0.3111111109375 0.55234375 0.3166666671875 0.440625 0.3138888890625 0.38984375 0.31805555625 0.39296875 0.64305555625 0.39609375 0.672222221875 0.4015625 0.66944444375 0.4015625 0.640277778125
19 0 0.9986111109375001 0.99921875 0.9958333328125001 0.99921875 0.7138888890625 0.96953125 0.7125 0.94296875 0.7208333328125 0.89921875 0.7194444437499999 0.7125 0.690277778125 0.6390625 0.675 0.61953125 0.6638888890625 0.59296875 0.6625 0.5921875 0.6569444437499999 0.50234375 0.5986111109375 0.49765625 0.575 0.48671875 0.5694444437499999 0.47890625 0.5513888890625 0.47057291718750005 0.5625 0.45390625 0.5638888890625 0.44375 0.575 0.436328125 0.5763888890625 0.42421875 0.56805555625 0.38984375 0.569722221875 0.38828125 0.5416666671875 0.353125 0.5416666671875 0.321875 0.5486111109375 0.2890625 0.575 0.2828125 0.575 0.13125 0.727777778125 0.0984375 0.7513888890625 0.0953125 0.7638888890625 0.09140625 0.7611111109375 0.0484375 0.8138888890624999 0 0.85694444375 0 0.9986111109375001
23 0.325 0 0.3203125 0.0333333328125 0.31015625 0.040277778125000004 0.3125 0.2666666671875 0.31796875 0.3263888890625 0.35390625 0.32777777812500003 0.35625 0.322222221875 0.35625 0.28611111093749997 0.36171875 0.2791666671875 0.36328125 0.2666666671875 0.369140625 0.25486111093749997 0.38359375 0.27777777812500004 0.4296875 0.26805555625 0.4390625 0.2888888890625 0.46015625 0.2888888890625 0.48515625 0.2541666671875 0.50078125 0.25555555625 0.51328125 0.26805555625 0.515625 0.24444444375000002 0.5109375 0.23055555625 0.534375 0.1541666671875 0.54296875 0.1625 0.559375 0.1625 0.5640625 0.1541666671875 0.5625 0 0.325 0
14 0.47109375 0.18194444375000002 0.47421875 0.19444444375 0.4859375 0.20972222187499998 0.50546875 0.2125 0.51484375 0.22916666718749998 0.51328125 0.23611111093749998 0.5171875 0.2416666671875 0.5171875 0.2666666671875 0.5296875 0.27777777812500004 0.5203125 0.290277778125 0.5171875 0.302777778125 0.546875 0.30694444375 0.55234375 0.2958333328125 0.55390625 0.27638888906250003 0.57578125 0.1986111109375 0.575 0.1888888890625 0.565625 0.184722221875 0.56171875 0.172222221875 0.5546875 0.1763888890625 0.54453125 0.172222221875 0.528125 0.147222221875 0.515625 0.12222222187500001 0.51328125 0.1041666671875 0.50078125 0.072222221875 0.48125 0.072222221875 0.46796875 0.08194444375 0.4671875 0.09305555625 0.47734375 0.125 0.47109375 0.15555555625 0.47109375 0.18194444375000002
2 0 0 0 0.16388888906250001 0.0484375 0.19305555624999998 0.06015625 0.1916666671875 0.0609375 0.1875 0.0703125 0.19583333281249998 0.071875 0.20833333281250002 0.078125 0.215277778125 0.24609375 0.3111111109375 0.24296875 0 0 0
2 0.33203125 0.540277778125 0.38828125 0.5361111109375 0.390625 0.5319444437499999 0.38828125 0.3583333328125 0.36796875 0.35 0.32890625 0.35 0.3234375 0.352777778125 0.32109375 0.3611111109375 0.32265625 0.447222221875 0.3203125 0.47222222187499996 0.3296875 0.5361111109375 0.33203125 0.540277778125
3 0.41875 0.497222221875 0.4234375 0.5305555562500001 0.41171875 0.5319444437499999 0.409375 0.54305555625 0.41171875 0.5625 0.4203125 0.5583333328125 0.43125 0.5722222218749999 0.43828125 0.5722222218749999 0.440625 0.5625 0.453125 0.5541666671875001 0.4625 0.5555555562500001 0.4625 0.5486111109375 0.4671875 0.5416666671875 0.4875 0.5513888890625 0.49296875 0.5694444437499999 0.49921875 0.5666666671875 0.50234375 0.5097222218749999 0.49921875 0.5083333328124999 0.49375 0.490277778125 0.4984375 0.477777778125 0.50234375 0.434722221875 0.49765625 0.3763888890625 0.48359375 0.36805555624999997 0.4234375 0.375 0.421875 0.40694444374999994 0.409375 0.415277778125 0.41015625 0.4291666671875 0.41796875 0.4361111109375 0.41953125 0.44444444375 0.41875 0.497222221875
15 0.09140625 0.7194444437499999 0.09453125 0.7111111109375 0.1203125 0.69305555625 0.14140625 0.6638888890625 0.15234375 0.6625 0.1609375 0.65 0.16953125 0.6513888890625 0.16953125 0.64305555625 0.184375 0.6388888890625 0.2234375 0.60694444375 0.23203125 0.5986111109375 0.2359375 0.5875 0.2546875 0.5736111109375 0.25390625 0.3763888890625 0.25234375 0.3458333328125 0.23203125 0.3291666671875 0.0796875 0.2708333328125 0.075 0.275 0.071875 0.29444444375 0.0796875 0.6486111109375 0.084375 0.7236111109375 0.09140625 0.7194444437499999
2 0.2421875 0 0.24765625 0.272222221875 0.25546875 0.3625 0.25625 0.540277778125 0.259375 0.58194444375 0.28046875 0.5694444437499999 0.28671875 0.5583333328125 0.27578125 0 0.2421875 0
2 0.31796875 0.5388888890625 0.3140625 0.425 0.315625 0.35555555625 0.31171875 0.3291666671875 0.3140625 0.3263888890625 0.30703125 0.29444444375 0.2875 0.27638888906250003 0.2890625 0.527777778125 0.290625 0.55 0.29453125 0.5541666671875001 0.31796875 0.5388888890625