19 1 0.8177083328125001 0.990234375 0.8072916671874999 0.986328125 0.7760416671875 0.9638671875 0.75 0.9306640625 0.746527778125 0.9267578125 0.753472221875 0.9208984375 0.7395833328125 0.9052734375 0.7395833328125 0.8876953125 0.7256944437499999 0.9013671875 0.6458333328125 0.9052734375 0.6458333328125 0.90625 0.637152778125 0.8828125 0.609375 0.8828125 0.5885416671875 0.8779296875 0.5763888890625 0.6962890625 0.5729166671875 0.689453125 0.578125 0.689453125 0.5885416671875 0.654296875 0.5885416671875 0.6513671875 0.5798611109375 0.640625 0.574652778125 0.6376953125 0.5416666671875 0.6240234375 0.5381944437499999 0.5224609375 0.5416666671875 0.517578125 0.546875 0.515625 0.574652778125 0.5107421875 0.5798611109375 0.25 0.699652778125 0.2353515625 0.690972221875 0.2216796875 0.6944444437499999 0.21875 0.699652778125 0.220703125 0.7864583328125 0.1396484375 0.8680555562500001 0.1220703125 0.875 0.0009765625 0.871527778125 0.0009765625 0.996527778125 1 0.9947916671874999 1 0.8177083328125001
18 0.67578125 0.6163194437499999 0.67578125 0.6545138890625 0.6826171875 0.659722221875 0.6875 0.6510416671875 0.6884765625 0.3958333328125 0.7158203125 0.3923611109375 0.7216796875 0.40972222187499996 0.7314453125 0.41319444375 0.7548828125 0.40625 0.7626953125 0.41319444375 0.8173828125 0.40972222187499996 0.9924404859375 0.39858129062500003 0.990654959375 0.34777252812500004 0.8173828125 0.34375 0.7666015625 0.34375 0.6767578125 0.35069444375000003 0.6611328125 0.3611111109375 0.654296875 0.3732638890625 0.65625 0.609375 0.6591796875 0.6145833328125 0.67578125 0.6163194437499999
2 0.4345703125 0.621527778125 0.44140625 0.612847221875 0.443359375 0.5954861109375 0.439453125 0.4392361109375 0.4365234375 0.43402777812500004 0.3701171875 0.4375 0.37109375 0.6302083328125 0.3740234375 0.6354166671875 0.4189453125 0.6354166671875 0.4345703125 0.621527778125
2 0.3173828125 0.6944444437499999 0.3369140625 0.6944444437499999 0.369140625 0.6579861109375 0.37109375 0.609375 0.3671875 0.5086805562500001 0.3671875 0.390625 0.3076171875 0.3854166671875 0.3046875 0.390625 0.3046875 0.41493055625 0.310546875 0.6857638890625 0.3173828125 0.6944444437499999
2 0.2021484375 0.8055555562500001 0.21875 0.7829861109375 0.2109375 0.5989583328125 0.2109375 0.46006944375 0.205078125 0.36284722187499996 0.205078125 0.3107638890625 0.2080078125 0.2986111109375 0.216796875 0.28993055624999997 0.2138671875 0.28472222187499996 0.1865234375 0.27777777812500004 0.1611328125 0.2604166671875 0.1396484375 0.25694444375000003 0.1298828125 0.246527778125 0.1298828125 0.23958333281250002 0.13671875 0.234375 0.1318359375 0.222222221875 0.1123046875 0.215277778125 0.109375 0.21701388906250002 0.109375 0.22395833281250002 0.0791015625 0.21875 0.0166015625 0.22916666718749998 0.0009765625 0.25347222187499996 0 0.862847221875 0.1318359375 0.8680555562500001 0.1455078125 0.8611111109375 0.2021484375 0.8055555562500001
14 0.3857421875 0.22569444375 0.376953125 0.234375 0.375 0.265625 0.3671875 0.27256944375000003 0.3671875 0.359375 0.4033203125 0.375 0.4169921875 0.375 0.41796875 0.35590277812500004 0.4296875 0.33506944375000003 0.431640625 0.3177083328125 0.4267578125 0.30902777812500004 0.439453125 0.29340277812500004 0.4375 0.2795138890625 0.4345703125 0.27430555624999997 0.4091796875 0.27430555624999997 0.412109375 0.234375 0.416015625 0.22395833281250002 0.404296875 0.206597221875 0.390625 0.1614583328125 0.3818359375 0.1458333328125 0.375 0.14409722187500001 0.3984375 0.206597221875 0.3984375 0.21354166718749998 0.396484375 0.22743055625 0.3857421875 0.22569444375
8 0.5869140625 0.097222221875 0.587890625 0.0329861109375 0.5830078125 0.02430555625 0.5732421875 0.02430555625 0.5703125 0.0295138890625 0.5703125 0.050347221875 0.57421875 0.09548611093750001 0.5869140625 0.097222221875
5 0.4658203125 0.6076388890625 0.5068359375 0.5798611109375 0.513671875 0.5677083328125 0.509765625 0.07118055625 0.5078125 0.0295138890625 0.50390625 0.012152778125 0.4970703125 0 0.451171875 0.0017361109374999999 0.451171875 0.546875 0.453125 0.6024305562500001 0.4560546875 0.6076388890625 0.4658203125 0.6076388890625
18 0.521484375 0.5295138890625 0.51953125 0.47743055625 0.5244140625 0.4270833328125 0.5478515625 0.4201388890625 0.5908203125 0.4236111109375 0.595703125 0.5364583328125 0.6015625 0.5329861109375 0.6015625 0.4079861109375 0.5986328125 0.40277777812500004 0.5185546875 0.40277777812500004 0.515625 0.4079861109375 0.515625 0.5295138890625 0.5185546875 0.534722221875 0.521484375 0.5295138890625
10 0.8037109375 0.27777777812500004 0.8125 0.26909722187499996 0.810546875 0.19618055625 0.8076171875 0.19097222187500001 0.810546875 0.16493055625 0.80859375 0.12673611093749998 0.8056640625 0.121527778125 0.6669921875 0.1354166671875 0.662109375 0.14409722187500001 0.6640625 0.2795138890625 0.6669921875 0.28472222187499996 0.8037109375 0.27777777812500004
10 0.810546875 0.16493055625 0.814453125 0.17534722187500001 0.810546875 0.18576388906250002 0.8125 0.265625 0.8291015625 0.28472222187499996 0.8349609375 0.27430555624999997 0.8759765625 0.27777777812500004 0.87890625 0.27256944375000003 0.87890625 0.13715277812499999 0.8759765625 0.13194444375 0.8349609375 0.1354166671875 0.8291015625 0.1145833328125 0.8193359375 0.1145833328125 0.81640625 0.1197916671875 0.818359375 0.13368055625 0.8134765625 0.14236111093749998 0.810546875 0.140625 0.810546875 0.16493055625