19 0.6748046875 0.5729166671875 0.6455078125 0.5694444437499999 0.6396484375 0.5625 0.5263671875 0.565972221875 0.5234375 0.5607638890625 0.521484375 0.5329861109375 0.5146484375 0.5208333328125 0.3994140625 0.5243055562500001 0.396484375 0.5295138890625 0.396484375 0.5989583328125 0.375 0.6024305562500001 0.3701171875 0.5798611109375 0.3212890625 0.5833333328125 0.318359375 0.5885416671875 0.3203125 0.7795138890625 0.3115234375 0.7916666671875 0.0009765625 0.809027778125 0.0009765625 0.996527778125 1 0.9947916671874999 0.9990234375 0.7256944437499999 0.6748046875 0.5729166671875
3 0.3642578125 0.4861111109375 0.37109375 0.4947916671875 0.375 0.5989583328125 0.376953125 0.6232638890625 0.3798828125 0.628472221875 0.380859375 0.6024305562500001 0.39453125 0.6024305562500001 0.388671875 0.5017361109375 0.39453125 0.47743055625 0.3876953125 0.46527777812500004 0.3828125 0.421875 0.3740234375 0.40972222187499996 0.3623046875 0.40625 0.3154296875 0.40625 0.31640625 0.49131944375 0.3193359375 0.49652777812500004 0.3330078125 0.4895833328125 0.3642578125 0.4861111109375
8 0.4521484375 0.07986111093750001 0.45703125 0.07118055625 0.458984375 0.046875 0.4560546875 0.0416666671875 0.3994140625 0.03819444375 0.396484375 0.043402778125 0.396484375 0.06770833281250001 0.4033203125 0.07638888906249999 0.4521484375 0.07986111093750001
8 0.453125 0.0329861109375 0.453125 0.012152778125 0.4501953125 0.006944443749999999 0.4111328125 0.006944443749999999 0.41015625 0.0295138890625 0.4130859375 0.034722221875 0.4501953125 0.03819444375 0.453125 0.0329861109375
5 0.5341796875 0.5625 0.6240234375 0.5555555562500001 0.62109375 0.0607638890625 0.6181640625 0.055555556250000006 0.5205078125 0.05208333281250001 0.51953125 0.21006944375 0.5234375 0.512152778125 0.52734375 0.5538194437499999 0.5341796875 0.5625
5 0.51953125 0.1927083328125 0.4794921875 0.1875 0.482421875 0.519097221875 0.5224609375 0.5173611109375 0.5234375 0.328125 0.51953125 0.1927083328125
5 0.39453125 0.5086805562500001 0.3974609375 0.5173611109375 0.4716796875 0.5138888890625 0.466796875 0.1822916671875 0.4599609375 0.17361111093749998 0.4462890625 0.17013888906250002 0.3857421875 0.17361111093749998 0.388671875 0.359375 0.392578125 0.4670138890625 0.396484375 0.47743055625 0.39453125 0.5086805562500001
5 0.31762225625 0.5871281953125 0.365208446875 0.5862465078125 0.359375 0.4010416671875 0.359375 0.33506944375000003 0.35546875 0.015625 0.3505859375 0.006944443749999999 0.3115234375 0.010416667187500001 0.30859375 0.015625 0.30859375 0.13368055625 0.314453125 0.39756944375000003 0.31762225625 0.5871281953125
5 0.3642170828125 0.526295353125 0.3810704984375 0.52717700625 0.37890625 0.18923611093749998 0.3759765625 0.18402777812499999 0.3583984375 0.18402777812499999 0.357421875 0.265625 0.361328125 0.3802083328125 0.359375 0.39756944375000003 0.3642170828125 0.526295353125
5 0.3203125 0.7725694437499999 0.3203125 0.7517361109375 0.310546875 0.14756944375 0.3046875 0.0017361109374999999 0.0009765625 0 0 0.800347221875 0.2080078125 0.7951388890625 0.3154296875 0.784722221875 0.3203125 0.7725694437499999
15 0.83515625 0 0.83515625 0.0458333328125 0.83125 0.07083333281250001 0.83359375 0.20138888906250002 0.8296875 0.47361111093749997 0.8328125 0.4916666671875 0.83046875 0.5125 0.8421875 0.5208333328125 0.99921875 0.54444444375 0.99921875 0 0.83515625 0