19 0 0.9958333328125001 0.99921875 0.9958333328125001 0.99921875 0.825 0.70234375 0.7611111109375 0.66953125 0.7291666671875 0.66171875 0.715277778125 0.65 0.7236111109375 0.64609375 0.7166666671875 0.6296875 0.7194444437499999 0.51796875 0.6569444437499999 0.51015625 0.6263888890625 0.51015625 0.60694444375 0.50078125 0.597222221875 0.4984375 0.5791666671875 0.478125 0.577777778125 0.46796875 0.5875 0.45703125 0.5791666671875 0.45390625 0.58194444375 0.4546875 0.5958333328125 0.44375 0.60694444375 0.43203125 0.6013888890625 0.428125 0.5916666671875 0.41796875 0.5944444437499999 0.4078125 0.5888888890625 0.40703125 0.60555555625 0.39296875 0.60694444375 0.3921875 0.565277778125 0.3890625 0.602777778125 0.37109375 0.6106481484375 0.37109375 0.56805555625 0.36875 0.5611111109375 0.33359375 0.5638888890625 0.3140625 0.5708333328124999 0.2859375 0.6 0.2671875 0.60555555625 0.1796875 0.684722221875 0.178125 0.69305555625 0 0.85555555625 0 0.9958333328125001
18 0.37890625 0.7430555562500001 0.3765625 0.752777778125 0.38046875 0.7541666671875 0.3859375 0.7513888890625 0.3859375 0.658564815625 0.396875 0.6625 0.4 0.675 0.4046875 0.6736111109375 0.4015625 0.38055555625 0.40546875 0.3611111109375 0.58671875 0.3583333328125 0.59609375 0.3888888890625 0.609375 0.35555555625 0.6578125 0.3583333328125 0.66796875 0.3541666671875 0.6734375 0.3611111109375 0.68515625 0.3458333328125 0.68671875 0.3375 0.68515625 0.3138888890625 0.6078125 0.3166666671875 0.6046875 0.30416666718749996 0.61171875 0.2666666671875 0.6109375 0.2388888890625 0.603125 0.25 0.59453125 0.27638888906250003 0.5814453125 0.2888888890625 0.37265625 0.2875 0.36953125 0.290277778125 0.36953125 0.309722221875 0.37578125 0.7361111109375 0.37890625 0.7430555562500001
3 0.41171875 0.43194444374999996 0.421875 0.440277778125 0.4234375 0.5138888890625 0.43203125 0.5333333328125 0.43203125 0.54305555625 0.43125 0.5541666671875001 0.41484375 0.5625 0.4140625 0.5861111109375 0.41953125 0.590277778125 0.425 0.5833333328125 0.43359375 0.5888888890625 0.43828125 0.602777778125 0.4421875 0.602777778125 0.44765625 0.590277778125 0.4625 0.577777778125 0.47109375 0.58194444375 0.47578125 0.565277778125 0.4796875 0.565277778125 0.50234375 0.575 0.5046875 0.5944444437499999 0.5125 0.597222221875 0.51484375 0.5708333328124999 0.51953125 0.55694444375 0.51953125 0.5263888890625 0.509375 0.4986111109375 0.50859375 0.46805555625000006 0.51328125 0.4625 0.5078125 0.4513888890625 0.5078125 0.434722221875 0.5015625 0.41111111093749997 0.503125 0.40277777812500004 0.49921875 0.397222221875 0.503125 0.3875 0.5015625 0.365277778125 0.4390625 0.3638888890625 0.4234375 0.36805555624999997 0.4234375 0.40416666718750005 0.4203125 0.4166666671875 0.41171875 0.42222222187499997 0.41171875 0.43194444374999996
2 0.28203125 0.5958333328125 0.30078125 0.5791666671875 0.31953125 0.5527777781250001 0.31328125 0.515277778125 0.31171875 0.35972222187499997 0.3078125 0.28194444375 0.29375 0.2638888890625 0.28671875 0.23611111093749998 0.28125 0.23055555625 0.27734375 0.2541666671875 0.2703125 0.25694444375000003 0.275 0.5958333328125 0.28203125 0.5958333328125
2 0 0 0 0.225 0.1140625 0.27638888906250003 0.14375 0.2958333328125 0.16171875 0.2986111109375 0.20859375 0.3236111109375 0.25234375 0.334722221875 0.26015625 0.3263888890625 0.25703125 0.322222221875 0.26015625 0.315277778125 0.25625 0.3 0.25859375 0.29722222187499997 0.25703125 0.28194444375 0.26328125 0.27777777812500004 0.26484375 0.12222222187500001 0.2609375 0 0 0
15 0 0.7916666671875 0.12265625 0.7 0.128125 0.6875 0.13984375 0.684722221875 0.17734375 0.6555555562500001 0.22421875 0.6083333328125 0.2234375 0.3916666671875 0.22265625 0.3611111109375 0.21796875 0.3361111109375 0.11796875 0.2958333328125 0.08359375 0.275 0.00390625 0.2541666671875 0 0.2541666671875 0 0.7916666671875
23 0.5234375 0 0.5234375 0.00555555625 0.54765625 0.0736111109375 0.5671875 0.10555555624999999 0.57734375 0.1111111109375 0.58828125 0.102777778125 0.58828125 0 0.5234375 0
23 0.290625 0 0.29375 0.15378787968750002 0.29609375 0.15555555625 0.29375 0.1609848484375 0.29375 0.22916666718749998 0.29453125 0.2375 0.3078125 0.23611111093749998 0.31328125 0.325 0.325 0.322222221875 0.32734375 0.25833333281250004 0.33671875 0.24583333281250003 0.42578125 0.2416666671875 0.43203125 0.24444444375000002 0.43828125 0.2625 0.46484375 0.2611111109375 0.50859375 0.22916666718749998 0.51875 0.20972222187499998 0.51953125 0.197222221875 0.53046875 0.18194444375000002 0.52890625 0.172222221875 0.5072544640625 0.1708333328125 0.49921875 0.15694444375 0.484375 0.1458333328125 0.48125 0.1375 0.47734375 0.12222222187500001 0.4765625 0.0986111109375 0.4859375 0.059722221875 0.4765625 0.029166667187500002 0.471875 0 0.290625 0
2 0.3140625 0.427777778125 0.315625 0.47361111093749997 0.32734375 0.5541666671875001 0.33203125 0.5611111109375 0.36875 0.559722221875 0.37265625 0.5555555562500001 0.36875 0.3416666671875 0.334375 0.3416666671875 0.31484375 0.35555555625 0.31875 0.3611111109375 0.31953125 0.3736111109375 0.31875 0.4138888890625 0.3140625 0.427777778125
5 0.6921875 0 0.69140625 0.0041666671875 0.6890625 0.0208333328125 0.68984375 0.60694444375 0.69296875 0.64444444375 0.69375 0.747222221875 0.71484375 0.7569444437499999 0.99921875 0.81805555625 0.99921875 0 0.6921875 0
2 0.21171875 0 0.21640625 0.23055555625 0.22109375 0.2486111109375 0.21875 0.2541666671875 0.2234375 0.32777777812500003 0.2265625 0.6152777781250001 0.2296875 0.6208333328125 0.26484375 0.597222221875 0.27109375 0.58055555625 0.259375 0 0.21171875 0