5 0.3359375 0.3767361109375 0.3388671875 0.38194444375000003 0.3642578125 0.38194444375000003 0.3681640625 0.3888888890625 0.37109375 0.515625 0.3779296875 0.5173611109375 0.380859375 0.512152778125 0.380859375 0.47743055625 0.376953125 0.3420138890625 0.376953125 0.16493055625 0.3740234375 0.15972222187500001 0.3486328125 0.15625 0.34375 0.16493055625 0.33203125 0.171875 0.330078125 0.21701388906250002 0.33203125 0.28993055624999997 0.3359375 0.3072916671875 0.3359375 0.3767361109375
20 0.369140625 0.5329861109375 0.365234375 0.38715277812500004 0.3564453125 0.38194444375000003 0.32421875 0.38368055624999997 0.32421875 0.5364583328125 0.3271484375 0.5416666671875 0.3642578125 0.5416666671875 0.369140625 0.5329861109375
19 1 0.796875 0.869140625 0.7170138890625 0.865234375 0.7100694437499999 0.865234375 0.671875 0.8623046875 0.6666666671875 0.8466796875 0.6458333328125 0.8154296875 0.6319444437499999 0.8095703125 0.625 0.7060546875 0.625 0.5068359375 0.503472221875 0.4736328125 0.49652777812500004 0.3857421875 0.503472221875 0.3828125 0.515625 0.3759765625 0.5208333328125 0.3671875 0.543402778125 0.3408203125 0.5486111109375 0.3193359375 0.5451388890625 0.2998046875 0.5694444437499999 0.287109375 0.5954861109375 0.2470703125 0.652777778125 0.0595703125 0.9618055562500001 0.04296875 0.9913194437499999 0.0458984375 0.996527778125 0.9990234375 0.996527778125 1 0.796875
5 0.8525390625 0.6388888890625 0.861328125 0.03993055625 0.859375 0.0017361109374999999 0.8134765625 0 0.810546875 0.08506944375 0.80859375 0.48090277812500004 0.8046875 0.612847221875 0.8134765625 0.625 0.8525390625 0.6388888890625
5 0.3828125 0.4947916671875 0.4326171875 0.49652777812500004 0.4833984375 0.4861111109375 0.486328125 0.48090277812500004 0.482421875 0.3142361109375 0.484375 0.171875 0.4716796875 0.16319444375 0.4384765625 0.16319444375 0.4072265625 0.18055555625 0.3955078125 0.15972222187500001 0.3798828125 0.15972222187500001 0.376953125 0.16493055625 0.376953125 0.35590277812500004 0.37890625 0.44965277812500004 0.3828125 0.4947916671875
17 0.765625 0.49131944375 0.763671875 0.47743055625 0.7490234375 0.47569444375 0.74609375 0.48090277812500004 0.74609375 0.5052083328125 0.7626953125 0.5069444437499999 0.765625 0.49131944375
9 0.767578125 0.1302083328125 0.767578125 0.10243055625 0.7646484375 0.097222221875 0.75 0.09895833281250001 0.748046875 0.12673611093749998 0.7509765625 0.13194444375 0.7646484375 0.1354166671875 0.767578125 0.1302083328125
8 0.4287109375 0.14930555625 0.4052734375 0.14930555625 0.4052734375 0.1666666671875 0.4287109375 0.17013888906250002 0.431640625 0.16493055625 0.4287109375 0.14930555625
8 0.4384765625 0.1354166671875 0.4453125 0.1232638890625 0.4453125 0.109375 0.4423828125 0.1041666671875 0.3994140625 0.10069444375 0.396484375 0.105902778125 0.396484375 0.12673611093749998 0.3994140625 0.13194444375 0.4384765625 0.1354166671875
15 0.1767578125 0 0.181640625 0.25868055624999997 0.181640625 0.4357638890625 0.18359375 0.512152778125 0.1884765625 0.5173611109375 0.2392578125 0.49652777812500004 0.25 0.484375 0.240234375 0.0295138890625 0.2421875 0.012152778125 0.2373046875 0 0.1767578125 0
12 0.3251953125 0.1979166671875 0.330078125 0.1822916671875 0.330078125 0.16493055625 0.333984375 0.15798611093749998 0.34375 0.1614583328125 0.33203125 0.140625 0.33203125 0.13368055625 0.3349609375 0.12847222187500001 0.3388671875 0.13194444375 0.33984375 0.12673611093749998 0.3310546875 0.1111111109375 0.34375 0.09548611093750001 0.3330078125 0.08333333281250001 0.3232421875 0.08333333281250001 0.318359375 0.074652778125 0.314453125 0.043402778125 0.3037109375 0.027777778125000003 0.302734375 0.13368055625 0.3115234375 0.15277777812499999 0.31640625 0.1822916671875 0.3251953125 0.1979166671875