19 0.9248046875 0.9583333328125001 0.7490234375 0.7083333328125 0.744140625 0.6892361109375 0.7421875 0.637152778125 0.7373046875 0.625 0.6591796875 0.5416666671875 0.6474609375 0.5243055562500001 0.6435546875 0.5069444437499999 0.6044921875 0.5069444437499999 0.5810546875 0.49305555625 0.5654296875 0.49305555625 0.560546875 0.519097221875 0.509765625 0.519097221875 0.5029296875 0.5104166671875 0.4716796875 0.5173611109375 0.45703125 0.5364583328125 0.4365234375 0.5416666671875 0.41015625 0.574652778125 0.3857421875 0.59375 0.380859375 0.6024305562500001 0.0009765625 0.9479166671874999 0.0009765625 0.996527778125 0.94140625 0.9947916671874999 0.94140625 0.984375 0.9248046875 0.9583333328125001
11 0.517578125 0.5225694437499999 0.509765625 0.5329861109375 0.5078125 0.543402778125 0.5126953125 0.5555555562500001 0.5224609375 0.565972221875 0.541015625 0.5607638890625 0.541015625 0.574652778125 0.5517578125 0.5798611109375 0.556640625 0.574652778125 0.5546875 0.546875 0.55859375 0.5225694437499999 0.55859375 0.4357638890625 0.5625 0.3732638890625 0.560546875 0.328125 0.576171875 0.3142361109375 0.576171875 0.27256944375000003 0.5703125 0.24131944375 0.5615234375 0.22569444375 0.544921875 0.21006944375 0.546875 0.17534722187500001 0.5400390625 0.16319444375 0.5302734375 0.16319444375 0.5234375 0.17534722187500001 0.521484375 0.21354166718749998 0.51171875 0.22395833281250002 0.505859375 0.24479166718749998 0.5 0.3072916671875 0.513671875 0.3454861109375 0.513671875 0.4392361109375 0.517578125 0.5225694437499999
20 0.8798828125 0 0.8544921875 0.03125 0.849609375 0.08506944375 0.8515625 0.24131944375 0.8447265625 0.25 0.7587890625 0.30555555624999997 0.75390625 0.3142361109375 0.75 0.3454861109375 0.748046875 0.6822916671875 0.751953125 0.706597221875 0.9462890625 0.9826388890625 0.9599609375 0.996527778125 0.9677734375 0.9930555562500001 0.970703125 0.9670138890625 0.96875 0.894097221875 0.9765625 0.0052083328125 0.9736328125 0 0.8798828125 0
5 0.560546875 0.33159722187499996 0.560546875 0.48090277812500004 0.5888671875 0.4861111109375 0.591796875 0.48090277812500004 0.58984375 0.265625 0.5869140625 0.2604166671875 0.5791015625 0.2604166671875 0.576171875 0.265625 0.580078125 0.30381944375000003 0.5732421875 0.31944444375000003 0.5654296875 0.3229166671875 0.560546875 0.33159722187499996
5 0.599609375 0.27256944375000003 0.5927734375 0.2708333328125 0.58984375 0.2760416671875 0.587890625 0.30034722187499996 0.591796875 0.48784722187499996 0.6005859375 0.49305555625 0.599609375 0.27256944375000003
5 0.64453125 0.4982638890625 0.642578125 0.22743055625 0.6044921875 0.22916666718749998 0.599609375 0.237847221875 0.603515625 0.5017361109375 0.6416015625 0.503472221875 0.64453125 0.4982638890625
3 0.490234375 0.5086805562500001 0.49609375 0.4670138890625 0.517578125 0.453125 0.5107421875 0.4479166671875 0.5107421875 0.4201388890625 0.4970703125 0.4201388890625 0.4912109375 0.39930555624999997 0.482421875 0.4010416671875 0.486328125 0.45659722187499996 0.48046875 0.4947916671875 0.4814453125 0.5138888890625 0.490234375 0.5086805562500001
5 0.493833590625 0.503529790625 0.5145963874999999 0.5146781 0.51171875 0.3385416671875 0.5068359375 0.3333333328125 0.498046875 0.30034722187499996 0.509765625 0.22395833281250002 0.4794921875 0.22569444375 0.4765625 0.230902778125 0.478515625 0.39409722187499996 0.476204809375 0.5098007171875001 0.493833590625 0.503529790625
8 0.578125 0.206597221875 0.578125 0.19618055625 0.560546875 0.16493055625 0.5595703125 0.15625 0.546875 0.1822916671875 0.544921875 0.206597221875 0.5498046875 0.215277778125 0.5693359375 0.215277778125 0.578125 0.206597221875
8 0.5771484375 0.1354166671875 0.583984375 0.12673611093749998 0.5830078125 0.1041666671875 0.5361328125 0.1041666671875 0.533203125 0.109375 0.533203125 0.1302083328125 0.5361328125 0.1354166671875 0.5771484375 0.1354166671875
17 0.44740598593750003 0.48955587031250003 0.44185764218749995 0.48910029218749995 0.440261221875 0.49908662656249997 0.4444290015625 0.5033225156250001 0.44740598593750003 0.48955587031250003