19 0.771875 1 0.775 0.81805555625 0.7734375 0.60555555625 0.73984375 0.5958333328125 0.72734375 0.54305555625 0.7125 0.534722221875 0.68828125 0.5375 0.6703125 0.58055555625 0.65390625 0.565277778125 0.65078125 0.502777778125 0.63359375 0.49444444374999996 0.60703125 0.497222221875 0.57890625 0.51944444375 0.5296875 0.534722221875 0.278125 0.6791666671875001 0.1421875 0.76944444375 0.0234375 0.7638888890625 0 0.7708333328125 0 1 0.771875 1
5 0.727305828125 0.5975489953124999 0.727901765625 0.5896825421874999 0.7728340375 0.60181628125 0.77640481875 0.0005461671875 0.724627809375 0.00372169375 0.727305828125 0.5975489953124999
15 0.4087053375 0.0016666687499999999 0.413072315625 0.4975192796875 0.46574215468749997 0.478465984375 0.456815065625 0.033889415625 0.4087053375 0.0016666687499999999
8 0.660480975 0.0814988625 0.662683175 0.0784524625 0.662193771875 0.0475533078125 0.660480975 0.04363650625 0.603007175 0.05177334375 0.6066499859375 0.0845452609375 0.6090968484375 0.08759166093750001 0.660480975 0.0814988625
8 0.6421295015624999 0.1850763296875 0.6658640671875 0.17985393125 0.6675769 0.1620107609375 0.66635346875 0.1576587671875 0.626224890625 0.1620107609375 0.62350305625 0.164891575 0.623778028125 0.17985393125 0.6240227109375 0.1842059265625 0.6421295015624999 0.1850763296875
8 0.654119153125 0.2094475078125 0.659746909375 0.2077067375 0.660480975 0.19552112187499998 0.657544746875 0.19203953125 0.637725159375 0.1950859140625 0.6345442296875 0.2064011078125 0.635522978125 0.2111882953125 0.654119153125 0.2094475078125
5 0.5892772625 0.40525491249999995 0.58984375 0.4322916671875 0.58984375 0.50555555625 0.59140625 0.5111111109375 0.5997987796875 0.5092352546875001 0.5985753500000001 0.3712770234375 0.59921875 0.2208333328125 0.5728832859375 0.22290635 0.5640745640625 0.22595274999999998 0.564563946875 0.265991103125 0.5662767453125 0.3182150375 0.5657873796875 0.363040578125 0.5657873796875 0.3991621453125 0.5892772625 0.40525491249999995
20 0.590256009375 0.403046596875 0.5662767453125 0.39956498749999997 0.5638178171875 0.3361111109375 0.5442865671875 0.322222221875 0.5447443609375 0.3603970359375 0.546212475 0.520115240625 0.578266378125 0.51793924375 0.5907453765625 0.507929675 0.590256009375 0.403046596875
12 0.52702905 0.2851208765625 0.527842015625 0.271288759375 0.528771128125 0.26571151875 0.5299325125000001 0.2564161328125 0.530629340625 0.24794700625 0.5305132046875001 0.24030414218749999 0.5313261703125 0.2320415765625 0.533881215625 0.23637941875 0.5359717109375 0.2444354234375 0.537016959375 0.25166516875 0.53829448125 0.259308034375 0.5406172515625001 0.2683968578125 0.5411979437500001 0.2729412640625 0.5438691328124999 0.271288759375 0.5460757578125001 0.26261305625000003 0.5472371421875 0.24939295 0.5449143734375 0.241543521875 0.5422431921875 0.23741224062500002 0.5388751734375 0.23596628125 0.5360878484375 0.2312153171875 0.5371330953125 0.226464334375 0.5393397296875 0.22708402656249999 0.545378928125 0.23286781875 0.5553668375 0.246087928125 0.5573411984375001 0.24567480625 0.5565282234375 0.23947788124999997 0.545495065625 0.22625777500000002 0.5416624999999999 0.21985428125 0.5398042843749999 0.21654927499999999 0.5348103265625 0.22315931249999998 0.53248755625 0.22233305312499999 0.5336489421875 0.21592956874999997 0.53446190625 0.21117859375 0.539920421875 0.204361971875 0.554437734375 0.2161361296875 0.5569927781249999 0.21572299843749998 0.55583139375 0.2103523515625 0.5438691328124999 0.20353572031249997 0.5430561593750001 0.1994044375 0.55014060625 0.19630597656249998 0.5573411984375001 0.19444689531249998 0.560476934375 0.191348434375 0.5562959484375 0.18618433125 0.54410140625 0.1843252578125 0.5381783453125 0.1903156140625 0.5384106171874999 0.1797808453125 0.533881215625 0.16015725 0.5301647859374999 0.1527209453125 0.527377459375 0.153753765625 0.524590134375 0.16718043124999998 0.5244814515625 0.1822902890625 0.5242417234375 0.2200531765625 0.5248224171875 0.2871865171875 0.52702905 0.2851208765625
5 0.599846575 0.490227715625 0.640682340625 0.49297887031250004 0.696367459375 0.485275625 0.69853298125 0.47041935468749996 0.7010078859375 0.2261166625 0.601112353125 0.23597908125 0.60077466875 0.23492035625000002 0.5986091453125 0.2453747578125 0.599846575 0.490227715625
3 0.67265625 0.7430555562500001 0.6796875 0.7402777781250001 0.68671875 0.565740740625 0.697265625 0.540277778125 0.77578125 0.547222221875 0.775 0.49444444374999996 0.6903920171875 0.4822428203125 0.69983300625 0.3995280203125 0.775 0.3888888890625 0.77421875 0.3583333328125 0.70625 0.3583333328125 0.67265625 0.38333333281250004 0.66640625 0.4166666671875 0.6609375 0.49444444374999996 0.64921875 0.75 0.646875 0.825 0.6546875 0.83194444375 0.65859375 0.7729166671875001 0.67265625 0.7430555562500001