19 0 0.9958333328125001 0.97890625 0.9986111109375001 0.98828125 0.9930555562500001 0.99921875 0.9763888890624999 0.99921875 0.75 0.98828125 0.74444444375 0.91953125 0.6805555562500001 0.9140625 0.69305555625 0.91171875 0.7138888890625 0.88671875 0.7083333328125 0.8875 0.6777777781250001 0.88046875 0.6666666671875 0.871875 0.66805555625 0.86484375 0.6583333328125 0.83359375 0.6388888890625 0.80625 0.6319444437499999 0.78671875 0.6333333328124999 0.77890625 0.647222221875 0.75546875 0.64305555625 0.75234375 0.672222221875 0.7328125 0.672222221875 0.73046875 0.6555555562500001 0.7203125 0.6638888890625 0.70625 0.6625 0.69375 0.64305555625 0.69296875 0.6347222218749999 0.6703125 0.6388888890625 0.66171875 0.63055555625 0.6341145828125 0.6319444437499999 0.625 0.625 0.6125 0.6319444437499999 0.59921875 0.6180555562500001 0.5875 0.627777778125 0.578125 0.627777778125 0.56484375 0.6208333328125 0.559375 0.5888888890625 0.41328125 0.5583333328125 0.4046875 0.5638888890625 0.4078125 0.5833333328125 0.40546875 0.5916666671875 0.396875 0.5916666671875 0.37265625 0.6375 0.35703125 0.640277778125 0.35078125 0.6486111109375 0.34453125 0.6486111109375 0.34140625 0.6375 0.31015625 0.64444444375 0.309375 0.6625 0.298177084375 0.6777777781250001 0.2515625 0.684722221875 0.22109375 0.6958333328124999 0.2 0.709722221875 0.1890625 0.702777778125 0.1859375 0.7083333328125 0.1390625 0.7111111109375 0.1265625 0.6972222218749999 0.10234375 0.7 0.046875 0.7388888890625 0.0375 0.7402777781250001 0.02578125 0.7388888890625 0.009375 0.7194444437499999 0 0.7180555562500001 0 0.9958333328125001
14 0.64609375 0.397222221875 0.6453125 0.3791666671875 0.65390625 0.3736111109375 0.65703125 0.3791666671875 0.6832812500000001 0.38194444375000003 0.6890625 0.3875 0.69140625 0.372222221875 0.6875 0.3708333328125 0.68515625 0.352777778125 0.675 0.3361111109375 0.6703125 0.31805555625 0.6703125 0.29444444375 0.6734375 0.2833333328125 0.671875 0.2708333328125 0.67890625 0.25694444375000003 0.68515625 0.25694444375000003 0.7328125 0.2208333328125 0.7328125 0.20694444375 0.725 0.2 0.7203125 0.16805555625 0.703125 0.172222221875 0.69296875 0.1861111109375 0.6890625 0.20138888906250002 0.67421875 0.20972222187499998 0.65 0.21111111093749999 0.65 0.23611111093749998 0.64453125 0.27638888906250003 0.65546875 0.29722222187499997 0.65234375 0.3361111109375 0.65 0.34027777812500004 0.63828125 0.3375 0.63046875 0.34444444375 0.628125 0.3638888890625 0.628125 0.3958333328125 0.63046875 0.3986111109375 0.64609375 0.397222221875
14 0.18125 0.2416666671875 0.18515625 0.2625 0.18125 0.28055555625 0.16171875 0.2986111109375 0.159375 0.372222221875 0.1859375 0.377777778125 0.196875 0.372222221875 0.20625 0.35972222187499997 0.21796875 0.375 0.22265625 0.3736111109375 0.2171875 0.31944444375000003 0.209375 0.28472222187499996 0.21328125 0.2138888890625 0.18984375 0.2 0.1875 0.1861111109375 0.1921875 0.172222221875 0.18671875 0.1611111109375 0.14765625 0.1583333328125 0.14765625 0.175 0.16328125 0.1986111109375 0.17734375 0.2416666671875 0.18125 0.2416666671875
14 0.22734375 0.372222221875 0.23515625 0.372222221875 0.2359375 0.3638888890625 0.24453125 0.3638888890625 0.24765625 0.3736111109375 0.2671875 0.372222221875 0.26328125 0.352777778125 0.26796875 0.29722222187499997 0.25625 0.24305555625 0.2453125 0.240277778125 0.23203125 0.2166666671875 0.2234375 0.21944444375 0.221875 0.25555555625 0.2125 0.2708333328125 0.2234375 0.3611111109375 0.22734375 0.372222221875
3 0.30078125 0.66944444375 0.30390625 0.6541666671875 0.37265625 0.6541666671875 0.3734375 0.66944444375 0.38125 0.6708333328125 0.3859375 0.6625 0.38671875 0.65 0.41171875 0.6388888890625 0.41328125 0.6458333328125 0.41953125 0.6458333328125 0.4203125 0.627777778125 0.415625 0.6111111109375 0.38046875 0.5944444437499999 0.38828125 0.5361111109375 0.39765625 0.525 0.39765625 0.45416666718750004 0.4015625 0.41111111093749997 0.41328125 0.34722222187499996 0.42578125 0.30416666718749996 0.421875 0.28611111093749997 0.40703125 0.28194444375 0.39375 0.3 0.37734375 0.3916666671875 0.36796875 0.42083333281249996 0.3421875 0.40694444374999994 0.31328125 0.40138888906250003 0.3078125 0.40694444374999994 0.31328125 0.4125 0.3078125 0.4388888890625 0.28671875 0.44444444375 0.28828125 0.6291666671875 0.28984375 0.6625 0.29375 0.66944444375 0.30078125 0.66944444375
23 0.10703125 0 0.1078125 0.097222221875 0.11484375 0.21805555625 0.1109375 0.24722222187499998 0.121875 0.2486111109375 0.12734375 0.26944444375 0.13984375 0.2736111109375 0.1421875 0.28611111093749997 0.1546875 0.29722222187499997 0.1578125 0.30694444375 0.16171875 0.29305555625 0.17109375 0.28472222187499996 0.171875 0.25694444375000003 0.17734375 0.24583333281250003 0.2125 0.2486111109375 0.21640625 0.25555555625 0.22265625 0.215277778125 0.221875 0 0.10703125 0
23 0.2421875 0 0.2421875 0.222222221875 0.24609375 0.23611111093749998 0.25234375 0.23611111093749998 0.259375 0.24722222187499998 0.2671875 0.2833333328125 0.3140625 0.290277778125 0.35 0.2875 0.3484375 0 0.2421875 0
23 0.4203125 0 0.42265625 0.2638888890625 0.4484375 0.2666666671875 0.46171875 0.2736111109375 0.47109375 0.2625 0.53828125 0.275 0.54375 0.272222221875 0.5453125 0 0.4203125 0
23 0.565625 0 0.56640625 0.34861111093749997 0.57265625 0.35972222187499997 0.6234375 0.35972222187499997 0.62734375 0.3458333328125 0.640625 0.3333333328125 0.6484375 0.3333333328125 0.6515625 0.325 0.653125 0.3 0.64296875 0.27777777812500004 0.6484375 0.24305555625 0.64921875 0.20972222187499998 0.67265625 0.20694444375 0.68828125 0.1986111109375 0.69609375 0.17361111093749998 0.6953125 0 0.565625 0
10 0.5078125 0.35972222187499997 0.54140625 0.35694444375 0.54140625 0.27777777812500004 0.46640625 0.26527777812500003 0.4625 0.3125 0.46484375 0.38055555625 0.4984375 0.3791666671875 0.5078125 0.35972222187499997
10 0.38828125 0.3291666671875 0.41328125 0.35 0.415625 0.3583333328125 0.4546875 0.3583333328125 0.45859375 0.352777778125 0.4578125 0.2736111109375 0.37578125 0.26944444375 0.3765625 0.3541666671875 0.38203125 0.352777778125 0.38359375 0.3361111109375 0.38828125 0.3291666671875
10 0 0.3416666671875 0.071875 0.35694444375 0.07890625 0.35 0.07890625 0.32777777812500003 0.0762829296875 0.3092841703125 0.073115759375 0.2879587421875 0.0719846265625 0.2783019578125 0.070853496875 0.2533552421875 0.00390625 0.2236111109375 0 0.2236111109375 0 0.3416666671875
10 0.0796875 0.35694444375 0.1515625 0.36805555624999997 0.14296875 0.35694444375 0.14296875 0.31805555625 0.14609375 0.309722221875 0.13671875 0.275 0.08359375 0.25555555625 0.07734375 0.25555555625 0.07578125 0.26527777812500003 0.075 0.2791666671875 0.078125 0.28611111093749997 0.075 0.2986111109375 0.0796875 0.35694444375
13 0.505859375 0.4739583328125 0.5263671875 0.4861111109375 0.52734375 0.5364583328125 0.53125 0.5538194437499999 0.5751953125 0.5555555562500001 0.58203125 0.543402778125 0.58984375 0.484375 0.59765625 0.4635416671875 0.603515625 0.41840277812500004 0.5478515625 0.4166666671875 0.5439453125 0.43055555625 0.5302734375 0.43055555625 0.525390625 0.4357638890625 0.525390625 0.4635416671875 0.5224609375 0.46875 0.5087890625 0.46875 0.505859375 0.4739583328125