19 0.0947265625 0.847222221875 0.1064453125 0.8506944437499999 0.1171875 0.8836805562500001 0.1318359375 0.909722221875 0.1416015625 0.909722221875 0.142578125 0.9288194437499999 0.15234375 0.949652778125 0.15234375 0.9600694437499999 0.1494140625 0.96875 0.1416015625 0.96875 0.138671875 0.9739583328125001 0.1357421875 0.996527778125 0.9248046875 0.996527778125 0.927734375 0.987847221875 0.92578125 0.8107638890625 0.921875 0.800347221875 0.91796875 0.6927083328125 0.9150390625 0.6875 0.8701171875 0.6805555562500001 0.8564453125 0.6736111109375 0.8193359375 0.6770833328125 0.8154296875 0.6701388890625 0.7958984375 0.6666666671875 0.7841796875 0.65625 0.7744140625 0.659722221875 0.7607421875 0.6458333328125 0.7451171875 0.652777778125 0.7236328125 0.6493055562500001 0.720703125 0.6302083328125 0.75 0.578125 0.7607421875 0.5694444437499999 0.763671875 0.5642361109375 0.7607421875 0.559027778125 0.6630859375 0.5555555562500001 0.65625 0.5677083328125 0.634765625 0.5677083328125 0.626953125 0.5538194437499999 0.62890625 0.543402778125 0.6240234375 0.534722221875 0.603515625 0.5399305562500001 0.5947265625 0.534722221875 0.580078125 0.543402778125 0.5380859375 0.5381944437499999 0.5263671875 0.5625 0.5146484375 0.5694444437499999 0.4873046875 0.5833333328125 0.4775390625 0.5833333328125 0.4619140625 0.597222221875 0.4384765625 0.597222221875 0.2666015625 0.6944444437499999 0.2177734375 0.6944444437499999 0.2119140625 0.6875 0.1982421875 0.6875 0.1162109375 0.7326388890625 0.0869140625 0.7395833328125 0.0439453125 0.7395833328125 0.01953125 0.7552083328125 0.0185546875 0.8263888890625 0.0439453125 0.809027778125 0.0595703125 0.8125 0.0947265625 0.847222221875
5 0.529296875 0.5538194437499999 0.52734375 0.1510416671875 0.5234375 0.112847221875 0.4833984375 0.055555556250000006 0.482421875 0.574652778125 0.4912109375 0.5798611109375 0.5224609375 0.5625 0.529296875 0.5538194437499999
2 0.4189453125 0.6145833328125 0.42578125 0.6024305562500001 0.427734375 0.5850694437499999 0.42578125 0.41493055625 0.4189453125 0.40972222187499996 0.3916015625 0.40972222187499996 0.392578125 0.612847221875 0.3955078125 0.621527778125 0.4091796875 0.621527778125 0.4189453125 0.6145833328125
2 0.3134765625 0.690972221875 0.3466796875 0.6631944437499999 0.349609375 0.6579861109375 0.349609375 0.637152778125 0.34375 0.359375 0.3369140625 0.35069444375000003 0.3154296875 0.34027777812500004 0.2060546875 0.34375 0.2109375 0.39756944375000003 0.21484375 0.6822916671875 0.2197265625 0.690972221875 0.3134765625 0.690972221875
14 0.4580078125 0.38194444375000003 0.46875 0.3767361109375 0.4677734375 0.34722222187499996 0.48046875 0.3385416671875 0.439453125 0.24131944375 0.4326171875 0.22916666718749998 0.4287109375 0.22916666718749998 0.427734375 0.390625 0.4423828125 0.39930555624999997 0.4541015625 0.39930555624999997 0.4580078125 0.38194444375000003
14 0.8759765625 0.3645833328125 0.87890625 0.359375 0.875 0.3385416671875 0.8779296875 0.3229166671875 0.8994140625 0.3229166671875 0.91015625 0.3107638890625 0.912109375 0.28993055624999997 0.904296875 0.26909722187499996 0.904296875 0.21701388906250002 0.916015625 0.19965277812499999 0.9140625 0.18576388906250002 0.91796875 0.1510416671875 0.9130859375 0.13888888906250002 0.8759765625 0.14930555625 0.87109375 0.15798611093749998 0.8671875 0.203125 0.8759765625 0.215277778125 0.8857421875 0.21875 0.88671875 0.25868055624999997 0.880859375 0.2829861109375 0.8623046875 0.28125 0.853515625 0.28993055624999997 0.853515625 0.32465277812500004 0.849609375 0.3489583328125 0.8525390625 0.3645833328125 0.8759765625 0.3645833328125
10 0.7666015625 0.27777777812500004 0.7578125 0.29340277812500004 0.759765625 0.328125 0.7958984375 0.3298611109375 0.796875 0.22743055625 0.76171875 0.230902778125 0.7578125 0.24826388906250002 0.7607421875 0.25694444375000003 0.7666015625 0.2604166671875 0.7666015625 0.27777777812500004
10 0.74609375 0.32465277812500004 0.744140625 0.2795138890625 0.7412109375 0.27430555624999997 0.7412109375 0.2604166671875 0.744140625 0.2552083328125 0.7412109375 0.222222221875 0.6396484375 0.23263888906250002 0.638671875 0.33159722187499996 0.6416015625 0.33680555624999997 0.7412109375 0.3333333328125 0.74609375 0.32465277812500004
18 0.638671875 0.578125 0.646484375 0.5885416671875 0.6494140625 0.6041666671875 0.654296875 0.6024305562500001 0.654296875 0.42534722187499996 0.673828125 0.42534722187499996 0.6767578125 0.43055555625 0.8232421875 0.4270833328125 0.828125 0.4045138890625 0.8271484375 0.38194444375000003 0.6982421875 0.3645833328125 0.6494140625 0.36805555624999997 0.64453125 0.3767361109375 0.6435546875 0.3888888890625 0.63671875 0.4010416671875 0.640625 0.42534722187499996 0.638671875 0.578125
18 0.537109375 0.515625 0.537109375 0.45659722187499996 0.5439453125 0.43402777812500004 0.5947265625 0.43402777812500004 0.59765625 0.5295138890625 0.6005859375 0.534722221875 0.603515625 0.5295138890625 0.6025390625 0.4201388890625 0.5341796875 0.4166666671875 0.53125 0.421875 0.5322265625 0.53125 0.53515625 0.5295138890625 0.537109375 0.515625
8 0.5927734375 0.15972222187500001 0.59375 0.1232638890625 0.5888671875 0.11805555625 0.5791015625 0.121527778125 0.578125 0.13368055625 0.58203125 0.15451388906250002 0.5849609375 0.15972222187500001 0.5927734375 0.15972222187500001
2 0.474609375 0.578125 0.474609375 0.44965277812500004 0.4658203125 0.44444444375 0.4287109375 0.4479166671875 0.427734375 0.5885416671875 0.4306640625 0.59375 0.4638671875 0.590277778125 0.474609375 0.578125