19 0.0537109375 0.809027778125 0.0712890625 0.8194444437499999 0.0947265625 0.847222221875 0.1064453125 0.847222221875 0.1171875 0.8802083328125001 0.1337890625 0.909722221875 0.1416015625 0.909722221875 0.14453125 0.9149305562500001 0.14453125 0.9288194437499999 0.154296875 0.9600694437499999 0.150390625 0.9670138890625 0.140625 0.9704861109375 0.1376953125 0.996527778125 0.9248046875 0.996527778125 0.927734375 0.9913194437499999 0.927734375 0.855902778125 0.92578125 0.8072916671874999 0.9208984375 0.7951388890625 0.919921875 0.6892361109375 0.8701171875 0.6805555562500001 0.8583984375 0.6736111109375 0.8232421875 0.6770833328125 0.8134765625 0.6666666671875 0.7958984375 0.659722221875 0.7763671875 0.659722221875 0.7626953125 0.6458333328125 0.7255859375 0.6493055562500001 0.720703125 0.6336805562500001 0.75390625 0.574652778125 0.763671875 0.5642361109375 0.7607421875 0.559027778125 0.6611328125 0.559027778125 0.658203125 0.5607638890625 0.65625 0.6024305562500001 0.65234375 0.609375 0.6435546875 0.6041666671875 0.634765625 0.578125 0.634765625 0.5642361109375 0.6279296875 0.5520833328125 0.62890625 0.543402778125 0.6240234375 0.534722221875 0.5458984375 0.5416666671875 0.5400390625 0.5381944437499999 0.5283203125 0.5625 0.4892578125 0.5833333328125 0.4775390625 0.5833333328125 0.4619140625 0.597222221875 0.4326171875 0.6006944437499999 0.4140625 0.6232638890625 0.3994140625 0.628472221875 0.3896484375 0.6388888890625 0.3798828125 0.6388888890625 0.375 0.6510416671875 0.3564453125 0.652777778125 0.349609375 0.6649305562500001 0.3193359375 0.690972221875 0.2216796875 0.6944444437499999 0.2138671875 0.6875 0.1982421875 0.6875 0.1064453125 0.7361111109375 0.0458984375 0.7395833328125 0.0283203125 0.746527778125 0.01953125 0.7586805562500001 0.017578125 0.8211805562500001 0.0205078125 0.8263888890625 0.0439453125 0.809027778125 0.0537109375 0.809027778125
5 0.5224609375 0.5625 0.529296875 0.5538194437499999 0.529296875 0.27256944375000003 0.525390625 0.11631944375 0.4853515625 0.055555556250000006 0.482421875 0.0607638890625 0.482421875 0.574652778125 0.4912109375 0.5798611109375 0.5224609375 0.5625
2 0.4091796875 0.621527778125 0.4248046875 0.6076388890625 0.427734375 0.5885416671875 0.42578125 0.4322916671875 0.4296875 0.4010416671875 0.4052734375 0.3923611109375 0.392578125 0.39756944375000003 0.390625 0.4635416671875 0.39453125 0.6163194437499999 0.3974609375 0.621527778125 0.4091796875 0.621527778125
2 0.4736328125 0.5833333328125 0.4765625 0.578125 0.474609375 0.44965277812500004 0.4599609375 0.44097222187499996 0.4287109375 0.44444444375 0.427734375 0.5885416671875 0.4306640625 0.59375 0.4599609375 0.59375 0.4736328125 0.5833333328125
2 0.2294921875 0.690972221875 0.3134765625 0.690972221875 0.3447265625 0.6666666671875 0.349609375 0.6579861109375 0.349609375 0.578125 0.345703125 0.5225694437499999 0.345703125 0.36284722187499996 0.3388671875 0.35069444375000003 0.3173828125 0.34027777812500004 0.2080078125 0.34375 0.2109375 0.3732638890625 0.212890625 0.5920138890625 0.216796875 0.6857638890625 0.2294921875 0.690972221875
14 0.4296875 0.296875 0.4296875 0.390625 0.4541015625 0.39930555624999997 0.4580078125 0.38194444375000003 0.466796875 0.3732638890625 0.466796875 0.3489583328125 0.474609375 0.3385416671875 0.4677734375 0.3263888890625 0.4580078125 0.3333333328125 0.451171875 0.32118055624999997 0.458984375 0.28993055624999997 0.4521484375 0.28125 0.439453125 0.24131944375 0.4326171875 0.22916666718749998 0.4287109375 0.22916666718749998 0.4453125 0.2795138890625 0.4404296875 0.2951388890625 0.4365234375 0.28819444375000003 0.4296875 0.296875
8 0.595703125 0.15451388906250002 0.59375 0.1232638890625 0.5869140625 0.11805555625 0.5810546875 0.121527778125 0.578125 0.1302083328125 0.58203125 0.15798611093749998 0.5927734375 0.15972222187500001 0.595703125 0.15451388906250002
14 0.8759765625 0.3645833328125 0.87890625 0.35590277812500004 0.875 0.33506944375000003 0.87890625 0.32465277812500004 0.8994140625 0.3229166671875 0.91015625 0.3107638890625 0.912109375 0.2864583328125 0.904296875 0.26215277812500004 0.904296875 0.21701388906250002 0.916015625 0.203125 0.9140625 0.1822916671875 0.91796875 0.171875 0.91796875 0.14756944375 0.9150390625 0.13888888906250002 0.8759765625 0.14930555625 0.873046875 0.15451388906250002 0.873046875 0.171875 0.8671875 0.18923611093749998 0.8671875 0.19965277812499999 0.8720703125 0.21180555625 0.8857421875 0.21875 0.88671875 0.265625 0.8798828125 0.28472222187499996 0.8642578125 0.28125 0.8583984375 0.28472222187499996 0.853515625 0.296875 0.85546875 0.33159722187499996 0.8515625 0.35590277812500004 0.8544921875 0.3645833328125 0.8759765625 0.3645833328125
10 0.7958984375 0.22569444375 0.76171875 0.230902778125 0.759765625 0.328125 0.7978515625 0.3298611109375 0.798828125 0.230902778125 0.7958984375 0.22569444375
10 0.7412109375 0.3333333328125 0.74609375 0.328125 0.74609375 0.28993055624999997 0.7412109375 0.27430555624999997 0.744140625 0.230902778125 0.7412109375 0.222222221875 0.6416015625 0.23263888906250002 0.638671875 0.237847221875 0.638671875 0.328125 0.6416015625 0.33680555624999997 0.7412109375 0.3333333328125
18 0.537109375 0.453125 0.5458984375 0.43402777812500004 0.5927734375 0.43402777812500004 0.59765625 0.4427083328125 0.59765625 0.5295138890625 0.603515625 0.5295138890625 0.6025390625 0.4201388890625 0.533203125 0.41840277812500004 0.5322265625 0.53125 0.53515625 0.5295138890625 0.537109375 0.515625 0.537109375 0.453125
18 0.638671875 0.578125 0.6455078125 0.5868055562500001 0.646484375 0.6024305562500001 0.6513671875 0.6076388890625 0.654296875 0.6024305562500001 0.65625 0.550347221875 0.654296875 0.421875 0.6572265625 0.4166666671875 0.6708984375 0.41319444375 0.6767578125 0.43055555625 0.8251953125 0.4270833328125 0.828125 0.38368055624999997 0.7763671875 0.38194444375000003 0.751953125 0.39409722187499996 0.7490234375 0.38194444375000003 0.70703125 0.38715277812500004 0.7021484375 0.36805555624999997 0.6494140625 0.36805555624999997 0.646484375 0.38368055624999997 0.63671875 0.4010416671875 0.638671875 0.4739583328125 0.634765625 0.546875 0.638671875 0.5607638890625 0.638671875 0.578125