19 0.74296875 1 0.72109375 0.9694444437499999 0.7125 0.725 0.67734375 0.715277778125 0.66484375 0.675 0.6359375 0.627777778125 0.628125 0.60694444375 0.6171875 0.50555555625 0.60859375 0.49583333281249997 0.5578125 0.4986111109375 0.5484375 0.50555555625 0.5416224140625 0.5367175937499999 0.53358801875 0.5557708875 0.46217130468749995 0.57799968125 0.45625 0.5763888890625 0.4421875 0.5986111109375 0.4421875 0.647222221875 0.43828125 0.6777777781250001 0.41875 0.7 0.33125 0.6986111109375 0.31015625 0.7138888890625 0.28671875 0.7194444437499999 0.203125 0.715277778125 0.1671875 0.7 0.1328125 0.709722221875 0.03984375 0.7597222218749999 0 0.7819444437499999 0 1 0.74296875 1
20 0.6192881296875 0.57641193125 0.6407130890625 0.57641193125 0.63861605 0.48055555625 0.6157172125 0.4795577125 0.61214643125 0.5001988171875 0.62018075625 0.5224276078125001 0.6192881296875 0.57641193125
20 1 0.625 0.93046875 0.6138888890625 0.70703125 0.609722221875 0.67109375 0.6763888890625 0.66953125 0.6958333328124999 0.67421875 0.7138888890625 0.6828125 0.7194444437499999 0.69921875 0.7194444437499999 0.70625 0.7111111109375 0.71640625 0.73148148125 0.71953125 0.9611111109375001 0.725 0.9791666671874999 0.740625 1 1 1 1 0.625
20 0.18828125 0.7125 0.28515625 0.7236111109375 0.31640625 0.7125 0.3265625 0.6958333328124999 0.32578125 0.6291666671875 0.340625 0.5625 0.3375 0.54444444375 0.3296875 0.5333333328125 0.23828125 0.5291666671875 0.19375 0.5361111109375 0.18125 0.54305555625 0.1796875 0.5583333328125 0.17421875 0.5708333328124999 0.1747190609375 0.60181628125 0.18125 0.6458333328125 0.1828125 0.7 0.18828125 0.7125
22 0.20864195937500002 0.32871923281250004 0.2247107453125 0.2652082953125 0.1104439765625 0.23821619374999997 0.0024553375 0.313888890625 0.014031420312500001 0.377940246875 0.08544816718750001 0.365238071875 0.1675773609375 0.3731769390625 0.20864195937500002 0.32871923281250004
16 0.14921875 0.23194444375 0.159375 0.215277778125 0.15390625 0.20277777812500003 0.15390625 0.1666666671875 0.1609375 0.125 0.153125 0.08055555625000001 0.1421875 0.0666666671875 0.10859375 0.0638888890625 0.09609375 0.072222221875 0.09140625 0.084722221875 0.0984375 0.190277778125 0.11015625 0.2416666671875 0.14921875 0.240277778125 0.14921875 0.23194444375
9 0.42656247968749994 0.063888890625 0.4264629484375 0.1159576265625 0.43896088750000006 0.11278206718749999 0.43806819218750004 0.06356114375000001 0.42656247968749994 0.063888890625
23 0.6390625 0.377777778125 0.6398204625 0.09055324375 0.62732245625 0.0921410234375 0.614824584375 0.0953166125 0.60078125 0.0986111109375 0.56953125 0.102777778125 0.5809016203125 0.0984921109375 0.55322765625 0.1048432 0.5559057421875 0.1588275515625 0.56640625 0.16944444375 0.56171875 0.1916666671875 0.559375 0.38333333281250004 0.5671875 0.3916666671875 0.63359375 0.39027777812500003 0.6390625 0.377777778125
2 0.5694196234375 0.3972222234375 0.5684036796874999 0.503374315625 0.605897496875 0.501786565625 0.605897496875 0.39858129062500003 0.5694196234375 0.3972222234375
18 0.6085756499999999 0.417634584375 0.6389276984375 0.41922233281250004 0.63861605 0.3972222234375 0.59964849375 0.40016904062499997 0.6005411890625 0.5129009921875001 0.610361040625 0.5081376828125 0.6085756499999999 0.417634584375
5 0.52198284375 0.5303664765625 0.5191964078125 0.0242063515625 0.44699528125 0.0381567015625 0.45592237031250005 0.5271909171875 0.52198284375 0.5303664765625