18 0.6533203125 0.625 0.66015625 0.6197916671875 0.6591796875 0.4166666671875 0.6748046875 0.41319444375 0.6826171875 0.43055555625 0.7646484375 0.43055555625 0.767578125 0.42534722187499996 0.8505859375 0.4270833328125 0.857421875 0.41493055625 0.857421875 0.38368055624999997 0.8505859375 0.37847222187499996 0.6962890625 0.37847222187499996 0.6474609375 0.3854166671875 0.6416015625 0.3923611109375 0.638671875 0.39756944375000003 0.640625 0.5954861109375 0.650390625 0.6024305562500001 0.6533203125 0.625
19 1 0.7413194437499999 0.9833984375 0.7291666671875 0.9599609375 0.7291666671875 0.9033203125 0.7118055562500001 0.8623046875 0.715277778125 0.853515625 0.703125 0.8486328125 0.6875 0.8447265625 0.690972221875 0.8408203125 0.684027778125 0.8310546875 0.684027778125 0.8271484375 0.6770833328125 0.8173828125 0.6875 0.8134765625 0.6805555562500001 0.7978515625 0.684027778125 0.7880859375 0.6736111109375 0.7724609375 0.6736111109375 0.765625 0.6788194437499999 0.7587890625 0.6736111109375 0.7509765625 0.684027778125 0.744140625 0.6788194437499999 0.73828125 0.6649305562500001 0.7412109375 0.652777778125 0.775390625 0.5920138890625 0.7939453125 0.5833333328125 0.794921875 0.574652778125 0.7919921875 0.5694444437499999 0.6650390625 0.5694444437499999 0.662109375 0.574652778125 0.662109375 0.6232638890625 0.6533203125 0.628472221875 0.6396484375 0.6041666671875 0.63671875 0.578125 0.630859375 0.5711805562500001 0.62890625 0.550347221875 0.6240234375 0.5451388890625 0.5791015625 0.5451388890625 0.57421875 0.5607638890625 0.5625 0.5607638890625 0.5576171875 0.5486111109375 0.5322265625 0.5451388890625 0.1513671875 0.7395833328125 0.1337890625 0.7395833328125 0.0146484375 0.809027778125 0.0009765625 0.8125 0.0009765625 0.996527778125 1 0.9947916671874999 1 0.7413194437499999
5 0.4853515625 0.59375 0.521484375 0.5677083328125 0.517578125 0.109375 0.513671875 0.09201388906249999 0.5048828125 0.07638888906249999 0.4736328125 0.027777778125000003 0.4697265625 0.027777778125000003 0.466796875 0.043402778125 0.470703125 0.5850694437499999 0.4736328125 0.59375 0.4853515625 0.59375
2 0.154296875 0.734375 0.1611328125 0.7430555562500001 0.2666015625 0.7430555562500001 0.2802734375 0.7361111109375 0.3115234375 0.7048611109375 0.314453125 0.699652778125 0.314453125 0.668402778125 0.310546875 0.35243055624999997 0.2861328125 0.3333333328125 0.2685546875 0.3298611109375 0.2685546875 0.30902777812500004 0.1865234375 0.3125 0.181640625 0.3177083328125 0.1826171875 0.3298611109375 0.1748046875 0.3333333328125 0.1259765625 0.33680555624999997 0.1259765625 0.34375 0.1416015625 0.34722222187499996 0.14453125 0.35590277812500004 0.154296875 0.734375
2 0.3876953125 0.6493055562500001 0.4052734375 0.6319444437499999 0.408203125 0.6232638890625 0.40625 0.41840277812500004 0.4033203125 0.41319444375 0.3740234375 0.41319444375 0.3671875 0.41840277812500004 0.365234375 0.4670138890625 0.369140625 0.640625 0.3740234375 0.6493055562500001 0.3876953125 0.6493055562500001
2 0.4501953125 0.6111111109375 0.462890625 0.5954861109375 0.46484375 0.578125 0.4609375 0.453125 0.4501953125 0.4479166671875 0.4111328125 0.4513888890625 0.408203125 0.45659722187499996 0.41015625 0.609375 0.4130859375 0.6145833328125 0.4501953125 0.6111111109375
14 0.41015625 0.28993055624999997 0.408203125 0.390625 0.4111328125 0.3958333328125 0.4404296875 0.40277777812500004 0.4443359375 0.38194444375000003 0.453125 0.3767361109375 0.451171875 0.3454861109375 0.4609375 0.33506944375000003 0.4560546875 0.31944444375000003 0.4365234375 0.3229166671875 0.43359375 0.3107638890625 0.443359375 0.2795138890625 0.4326171875 0.2638888890625 0.419921875 0.22395833281250002 0.4130859375 0.215277778125 0.41015625 0.21701388906250002 0.427734375 0.265625 0.427734375 0.2864583328125 0.4169921875 0.28125 0.41015625 0.28993055624999997
14 0.9189453125 0.3541666671875 0.921875 0.3385416671875 0.9169921875 0.31597222187499996 0.9208984375 0.30555555624999997 0.9423828125 0.30902777812500004 0.9521484375 0.30555555624999997 0.95703125 0.296875 0.9609375 0.2864583328125 0.9609375 0.25868055624999997 0.951171875 0.24131944375 0.94921875 0.19618055625 0.9609375 0.16840277812499999 0.9619140625 0.14236111093749998 0.96875 0.13368055625 0.966796875 0.112847221875 0.9580078125 0.09375 0.9169921875 0.1076388890625 0.91015625 0.11631944375 0.90625 0.16840277812499999 0.9296875 0.1927083328125 0.927734375 0.237847221875 0.921875 0.25868055624999997 0.9013671875 0.25694444375000003 0.890625 0.26909722187499996 0.890625 0.32118055624999997 0.88671875 0.3385416671875 0.8896484375 0.3541666671875 0.9189453125 0.3541666671875
8 0.5859375 0.10243055625 0.5732421875 0.10069444375 0.57421875 0.14409722187500001 0.5771484375 0.14930555625 0.5869140625 0.14930555625 0.5859375 0.10243055625
18 0.533203125 0.49131944375 0.53125 0.45659722187499996 0.5380859375 0.4375 0.5888671875 0.4375 0.5927734375 0.4583333328125 0.59375 0.5364583328125 0.599609375 0.5399305562500001 0.599609375 0.4322916671875 0.5966796875 0.4236111109375 0.5390625 0.421875 0.5361328125 0.4166666671875 0.5283203125 0.4166666671875 0.525390625 0.421875 0.5234375 0.5364583328125 0.5263671875 0.5416666671875 0.53125 0.5225694437499999 0.533203125 0.49131944375
10 0.7548828125 0.3229166671875 0.7578125 0.3177083328125 0.7578125 0.2760416671875 0.755859375 0.265625 0.7470703125 0.25694444375000003 0.7470703125 0.24305555625 0.755859375 0.234375 0.755859375 0.21006944375 0.7529296875 0.20138888906250002 0.6416015625 0.215277778125 0.640625 0.30381944375000003 0.6435546875 0.3298611109375 0.7333984375 0.3263888890625 0.7548828125 0.3229166671875
10 0.7861328125 0.2638888890625 0.7763671875 0.2673611109375 0.7734375 0.2795138890625 0.77734375 0.3177083328125 0.8134765625 0.31944444375000003 0.81640625 0.3142361109375 0.81640625 0.21354166718749998 0.8115234375 0.20486111093749998 0.7783203125 0.20833333281250002 0.7734375 0.21701388906250002 0.7734375 0.234375 0.7861328125 0.24305555625 0.7861328125 0.2638888890625