11 0.6494140625 0.27777777812500004 0.6318359375 0.28472222187499996 0.6220703125 0.28125 0.619140625 0.29340277812500004 0.6298828125 0.3020833328125 0.6435546875 0.3020833328125 0.6474609375 0.31597222187499996 0.6552734375 0.31597222187499996 0.66796875 0.328125 0.66796875 0.421875 0.671875 0.45659722187499996 0.677734375 0.4704861109375 0.681640625 0.5260416671875 0.6767578125 0.5451388890625 0.6650390625 0.559027778125 0.6640625 0.5677083328125 0.6826171875 0.5833333328125 0.6923828125 0.5833333328125 0.6982421875 0.5763888890625 0.7060546875 0.5763888890625 0.7109375 0.5677083328125 0.701171875 0.519097221875 0.69921875 0.453125 0.703125 0.4045138890625 0.716796875 0.35243055624999997 0.712890625 0.296875 0.7265625 0.26909722187499996 0.7265625 0.24826388906250002 0.71484375 0.19618055625 0.689453125 0.16493055625 0.6875 0.1302083328125 0.6826171875 0.121527778125 0.6669921875 0.121527778125 0.6552734375 0.1458333328125 0.650390625 0.14756944375 0.6689453125 0.20486111093749998 0.662109375 0.22395833281250002 0.66015625 0.25868055624999997 0.6494140625 0.27777777812500004
19 0.9248046875 0.597222221875 0.921875 0.5989583328125 0.9248046875 0.6111111109375 0.9208984375 0.628472221875 0.9072265625 0.621527778125 0.8798828125 0.597222221875 0.8173828125 0.559027778125 0.8134765625 0.5520833328125 0.814453125 0.5364583328125 0.8095703125 0.5173611109375 0.7529296875 0.5173611109375 0.7470703125 0.5138888890625 0.7412109375 0.5 0.7197265625 0.49652777812500004 0.7138671875 0.5069444437499999 0.7080078125 0.49305555625 0.703125 0.5052083328125 0.677734375 0.5052083328125 0.6728515625 0.49652777812500004 0.6611328125 0.49305555625 0.65625 0.5017361109375 0.65625 0.5225694437499999 0.64453125 0.5295138890625 0.6396484375 0.5208333328125 0.623046875 0.5260416671875 0.623046875 0.5677083328125 0.6181640625 0.5763888890625 0.6025390625 0.5798611109375 0.5341796875 0.5729166671875 0.529296875 0.581597221875 0.529296875 0.5989583328125 0.5234375 0.612847221875 0.5048828125 0.6319444437499999 0.3359375 0.8524305562500001 0.2275390625 0.9861111109375 0.2275390625 0.996527778125 0.9990234375 0.996527778125 1 0.6475694437499999 0.9248046875 0.597222221875
3 0.6220703125 0.40972222187499996 0.619140625 0.41493055625 0.6240234375 0.4166666671875 0.6240234375 0.44444444375 0.619140625 0.453125 0.6220703125 0.4583333328125 0.63671875 0.45659722187499996 0.642578125 0.4635416671875 0.64453125 0.5260416671875 0.6474609375 0.53125 0.6484375 0.5260416671875 0.65625 0.5225694437499999 0.65625 0.44965277812500004 0.65234375 0.4427083328125 0.650390625 0.41493055625 0.646484375 0.4045138890625 0.6484375 0.3420138890625 0.654296875 0.32118055624999997 0.6474609375 0.31944444375000003 0.63671875 0.33159722187499996 0.64453125 0.3420138890625 0.640625 0.39756944375000003 0.6376953125 0.40972222187499996 0.6220703125 0.40972222187499996
15 0.8798828125 0 0.876953125 0.012152778125 0.87890625 0.22743055625 0.875 0.45659722187499996 0.8857421875 0.46527777812500004 0.9267578125 0.47222222187499996 0.9296875 0.4670138890625 0.931640625 0.359375 0.9296875 0.18576388906250002 0.93359375 0.019097221875 0.8955078125 0.0208333328125 0.890625 0.015625 0.8876953125 0 0.8798828125 0
5 0.8095703125 0.5104166671875 0.806640625 0.48090277812500004 0.80859375 0.16493055625 0.7998046875 0.15625 0.7490234375 0.16319444375 0.74609375 0.16840277812499999 0.74609375 0.4982638890625 0.7490234375 0.5104166671875 0.8095703125 0.5104166671875
5 0.6201171875 0.34662663125000004 0.619140625 0.40391829687499997 0.618826096875 0.517078825 0.6369090890625 0.517078825 0.63671875 0.1643349640625 0.6220703125 0.162598853125 0.619140625 0.1678071859375 0.62109375 0.2893349640625 0.6171875 0.303223853125 0.6171875 0.3240571859375 0.6201171875 0.34662663125000004
5 0.5615234375 0 0.5380859375 0.010416667187500001 0.53515625 0.015625 0.53515625 0.26909722187499996 0.5390625 0.44965277812500004 0.537109375 0.5607638890625 0.5517578125 0.5694444437499999 0.6142578125 0.5729166671875 0.619140625 0.5677083328125 0.619140625 0.00868055625 0.6162109375 0 0.5615234375 0
5 0.74609375 0.48784722187499996 0.74609375 0.24131944375 0.7431640625 0.21875 0.7392578125 0.22916666718749998 0.724609375 0.230902778125 0.7265625 0.26909722187499996 0.72265625 0.48784722187499996 0.7255859375 0.49305555625 0.74609375 0.48784722187499996
8 0.7197265625 0.0451388890625 0.7265625 0.0364583328125 0.73046875 0.012152778125 0.7275390625 0.0034722218749999997 0.6669921875 0.010416667187500001 0.6640625 0.015625 0.6640625 0.046875 0.6708984375 0.05208333281250001 0.7197265625 0.0451388890625
8 0.7041015625 0.15972222187500001 0.708984375 0.1510416671875 0.708984375 0.13715277812499999 0.705078125 0.12673611093749998 0.7001953125 0.11805555625 0.6884765625 0.121527778125 0.685546875 0.12673611093749998 0.6875 0.15798611093749998 0.6904296875 0.16319444375 0.7041015625 0.15972222187500001
5 0.6506387578124999 0.24193352343750002 0.6503038937500001 0.32233958125 0.6466203265625 0.49089451874999995 0.701204140625 0.4914901109375 0.7112502703125 0.48910770000000003 0.7172779421875 0.33484718125 0.7145989703125 0.3008979484375 0.7184993859375 0.2889292515625 0.6613546171875 0.22585228281249997 0.6536525937500001 0.22525669218750002 0.6506387578124999 0.24193352343750002