19 0.8779296875 0.940972221875 0.8740234375 0.940972221875 0.8447265625 0.8993055562500001 0.837890625 0.8975694437499999 0.830078125 0.8836805562500001 0.8291015625 0.7083333328125 0.7001953125 0.7083333328125 0.6943359375 0.7326388890625 0.6728515625 0.7430555562500001 0.6611328125 0.7395833328125 0.5634765625 0.746527778125 0.548828125 0.7413194437499999 0.5419921875 0.7361111109375 0.53515625 0.7170138890625 0.533203125 0.640625 0.5302734375 0.6354166671875 0.515625 0.6336805562500001 0.484375 0.5850694437499999 0.482421875 0.5572916671875 0.4794921875 0.5520833328125 0.4697265625 0.5520833328125 0.462890625 0.5364583328125 0.46484375 0.5086805562500001 0.4619140625 0.503472221875 0.4560546875 0.503472221875 0.447265625 0.519097221875 0.4423828125 0.49652777812500004 0.4150390625 0.49652777812500004 0.41015625 0.5052083328125 0.4111328125 0.534722221875 0.4072265625 0.5416666671875 0.3935546875 0.5416666671875 0.3876953125 0.5486111109375 0.3427734375 0.5520833328125 0.3359375 0.5642361109375 0.333984375 0.5954861109375 0.125 0.6857638890625 0.12109375 0.6649305562500001 0.1123046875 0.6458333328125 0.0556640625 0.6736111109375 0.041015625 0.6892361109375 0.037109375 0.7204861109375 0.03125 0.737847221875 0.03125 0.769097221875 0.0078125 0.769097221875 0.0009765625 0.7569444437499999 0.0009765625 0.996527778125 0.916015625 0.9947916671874999 0.8994140625 0.96875 0.8779296875 0.940972221875
20 0.2421875 0.640625 0.2412109375 0.5451388890625 0.25390625 0.5329861109375 0.25390625 0.519097221875 0.2451171875 0.5069444437499999 0.2216796875 0.5069444437499999 0.2001953125 0.5138888890625 0.2109375 0.6510416671875 0.2138671875 0.65625 0.2333984375 0.652777778125 0.2421875 0.640625
5 0.48538172343749997 0.29855157499999996 0.47288385312500003 0.31125375 0.48270363749999995 0.327131484375 0.48270363749999995 0.59070185625 0.5166265359375 0.6351595609375 0.5309099328125 0.6351595609375 0.524776765625 0 0.4791327890625 0.00005014375 0.4818109421875 0.26838385468750003 0.47466924375 0.29220045625 0.48538172343749997 0.29855157499999996
20 0.466796875 0.5399305562500001 0.4697265625 0.5486111109375 0.4833984375 0.5486111109375 0.484375 0.4739583328125 0.4658203125 0.47222222187499996 0.462890625 0.47743055625 0.462890625 0.49131944375 0.466796875 0.5017361109375 0.466796875 0.5399305562500001
5 0.537109375 0.5225694437499999 0.5419921875 0.53125 0.6337890625 0.53125 0.6416015625 0.5243055562500001 0.6982421875 0.53125 0.70703125 0.546875 0.69921875 0.5989583328125 0.697265625 0.6961805562500001 0.7001953125 0.7013888890625 0.8076171875 0.7013888890625 0.810546875 0.6961805562500001 0.8125 0.6510416671875 0.810546875 0.543402778125 0.814453125 0.4079861109375 0.81640625 0.0052083328125 0.8134765625 0 0.537109375 0.0017361109374999999 0.53515625 0.1302083328125 0.541015625 0.1510416671875 0.537109375 0.16493055625 0.537109375 0.5225694437499999
2 0.44453125 0.40555555625000006 0.434375 0.3958333328125 0.42421875 0.39444444375 0.41484375 0.40277777812500004 0.4140625 0.4388888890625 0.41875 0.4861111109375 0.44453125 0.4875 0.44453125 0.40555555625000006
18 0.4501953125 0.5069444437499999 0.453125 0.4982638890625 0.453125 0.421875 0.4560546875 0.4166666671875 0.4716796875 0.41319444375 0.4814453125 0.4166666671875 0.484375 0.4079861109375 0.4814453125 0.40277777812500004 0.4462890625 0.40277777812500004 0.443359375 0.4079861109375 0.4453125 0.47743055625 0.447265625 0.5052083328125 0.4501953125 0.5069444437499999
20 0.533203125 0.5850694437499999 0.537109375 0.7239583328125 0.5400390625 0.7326388890625 0.5615234375 0.7430555562500001 0.5986328125 0.7430555562500001 0.6611328125 0.7361111109375 0.6787109375 0.7395833328125 0.6953125 0.7274305562500001 0.697265625 0.605902778125 0.705078125 0.5538194437499999 0.7001953125 0.5381944437499999 0.6767578125 0.53125 0.5654296875 0.53125 0.5322265625 0.534722221875 0.5234375 0.550347221875 0.513671875 0.5711805562500001 0.513671875 0.581597221875 0.5302734375 0.5798611109375 0.533203125 0.5850694437499999
23 0.41015625 0.26215277812500004 0.41015625 0.3802083328125 0.4150390625 0.3923611109375 0.4775390625 0.3888888890625 0.48046875 0.3732638890625 0.4716796875 0.3611111109375 0.4755859375 0.3229166671875 0.48046875 0.32118055624999997 0.478515625 0.3142361109375 0.484375 0.30381944375000003 0.482421875 0.140625 0.4794921875 0.1354166671875 0.4091796875 0.1354166671875 0.40234375 0.1510416671875 0.4052734375 0.15625 0.4150390625 0.25347222187499996 0.41015625 0.26215277812500004
7 0.0029296875 0 0 0.0052083328125 0 0.7447916671875 0.01171875 0.7725694437499999 0.009765625 0.800347221875 0.0185546875 0.8263888890625 0.029296875 0.8142361109375 0.02734375 0.7517361109375 0.037109375 0.703125 0.0390625 0.668402778125 0.044921875 0.637152778125 0.046875 0.578125 0.048828125 0.5607638890625 0.052734375 0.5538194437499999 0.056640625 0.515625 0.052734375 0.46006944375 0.056640625 0.41840277812500004 0.0625 0.41840277812500004 0.068359375 0.4322916671875 0.072265625 0.46006944375 0.12109375 0.6545138890625 0.126953125 0.6961805562500001 0.1416015625 0.7430555562500001 0.1484375 0.7829861109375 0.1630859375 0.784722221875 0.1904296875 0.7673611109375 0.2060546875 0.753472221875 0.2109375 0.7413194437499999 0.2041015625 0.6979166671875 0.203125 0.668402778125 0.2109375 0.6475694437499999 0.2109375 0.637152778125 0.1796875 0.3420138890625 0.1708984375 0.28472222187499996 0.169921875 0.18923611093749998 0.1650390625 0.14930555625 0.1640625 0.050347221875 0.16015625 0.00868055625 0.154296875 0.012152778125 0.15234375 0.0329861109375 0.13671875 0.0329861109375 0.1328125 0.012152778125 0.1259765625 0 0.0029296875 0
9 0.27109375 0.077777778125 0.27265625 0.10555555624999999 0.28671875 0.1041666671875 0.28515625 0.07638888906249999 0.27109375 0.077777778125
9 0.3923793125 0.2798154953125 0.3919609859375 0.2649350546875 0.3875834640625 0.26414180468750004 0.387150340625 0.280559490625 0.39007856875 0.2835355984375 0.3923793125 0.2798154953125