19 0.9267578125 0.815972221875 0.9013671875 0.777777778125 0.896484375 0.7517361109375 0.8984375 0.637152778125 0.896484375 0.6232638890625 0.8916015625 0.6145833328125 0.7255859375 0.5069444437499999 0.6728515625 0.5069444437499999 0.6552734375 0.4861111109375 0.64453125 0.4947916671875 0.6396484375 0.4861111109375 0.5947265625 0.4861111109375 0.591796875 0.5017361109375 0.578125 0.5260416671875 0.5712890625 0.5138888890625 0.564453125 0.5225694437499999 0.568359375 0.5538194437499999 0.5625 0.5642361109375 0.5283203125 0.565972221875 0.5185546875 0.5625 0.5146484375 0.5520833328125 0.5009765625 0.5625 0.4794921875 0.5625 0.0615234375 0.9861111109375 0.0595703125 0.996527778125 0.9990234375 0.996527778125 1 0.9010416671874999 0.9267578125 0.815972221875
11 0.5263671875 0.30902777812500004 0.5205078125 0.30902777812500004 0.505859375 0.32465277812500004 0.5166015625 0.34027777812500004 0.5263671875 0.33680555624999997 0.53515625 0.3420138890625 0.537109375 0.41493055625 0.533203125 0.46006944375 0.537109375 0.5260416671875 0.529296875 0.5364583328125 0.5224609375 0.5381944437499999 0.51953125 0.550347221875 0.5380859375 0.5625 0.5634765625 0.559027778125 0.5625 0.4079861109375 0.57421875 0.36631944375000003 0.57421875 0.35243055624999997 0.568359375 0.328125 0.568359375 0.25868055624999997 0.564453125 0.234375 0.552734375 0.21354166718749998 0.552734375 0.18576388906250002 0.5458984375 0.17013888906250002 0.5361328125 0.17013888906250002 0.525390625 0.18576388906250002 0.53125 0.22048611093749998 0.537109375 0.230902778125 0.533203125 0.29340277812500004 0.5263671875 0.30902777812500004
8 0.6005859375 0.1979166671875 0.6318359375 0.19444444375 0.63671875 0.18576388906250002 0.63671875 0.171875 0.62109375 0.1232638890625 0.615234375 0.1232638890625 0.615234375 0.13368055625 0.595703125 0.17881944375 0.595703125 0.1927083328125 0.6005859375 0.1979166671875
8 0.6396484375 0.1041666671875 0.646484375 0.09548611093750001 0.6455078125 0.06944444375 0.5966796875 0.07291666718749999 0.591796875 0.081597221875 0.591796875 0.09548611093750001 0.5966796875 0.1076388890625 0.6396484375 0.1041666671875
20 0.9990234375 0.8888888890625 1 0.21354166718749998 0.9814453125 0.21875 0.9169921875 0.25694444375000003 0.912109375 0.29340277812500004 0.908203125 0.6649305562500001 0.90234375 0.765625 0.9130859375 0.7881944437499999 0.9990234375 0.8888888890625
5 0.642578125 0.4739583328125 0.640625 0.3420138890625 0.64453125 0.2517361109375 0.6396484375 0.246527778125 0.5888671875 0.25 0.591796875 0.4739583328125 0.5947265625 0.4826388890625 0.6396484375 0.4826388890625 0.642578125 0.4739583328125
5 0.662109375 0.24826388906250002 0.646484375 0.2517361109375 0.64453125 0.4739583328125 0.6474609375 0.4826388890625 0.6630859375 0.4861111109375 0.662109375 0.24826388906250002
5 0.712890625 0.4982638890625 0.712890625 0.21006944375 0.7099609375 0.20138888906250002 0.6767578125 0.20138888906250002 0.6640625 0.21006944375 0.6640625 0.4947916671875 0.6669921875 0.503472221875 0.7099609375 0.503472221875 0.712890625 0.4982638890625
5 0.5849609375 0.4236111109375 0.5859375 0.2552083328125 0.5830078125 0.25 0.5732421875 0.25 0.5703125 0.2552083328125 0.5703125 0.33506944375000003 0.57421875 0.359375 0.564453125 0.4079861109375 0.5849609375 0.4236111109375
3 0.5791015625 0.5173611109375 0.5859375 0.5052083328125 0.587890625 0.44965277812500004 0.5830078125 0.4375 0.58203125 0.421875 0.5771484375 0.41319444375 0.5625 0.41493055625 0.560546875 0.453125 0.5693359375 0.46180555625 0.5703125 0.4982638890625 0.5791015625 0.5173611109375
17 0.4921875 0.4947916671875 0.4970703125 0.5 0.4951171875 0.4895833328125 0.4921875 0.4947916671875