5 0.453125 0.38368055624999997 0.4794921875 0.3923611109375 0.482421875 0.4045138890625 0.482421875 0.512152778125 0.4912109375 0.5173611109375 0.490234375 0.17881944375 0.4638671875 0.17361111093749998 0.46484375 0.1822916671875 0.4619140625 0.1875 0.4541015625 0.18402777812499999 0.451171875 0.19618055625 0.447265625 0.22743055625 0.44921875 0.30034722187499996 0.453125 0.3177083328125 0.453125 0.38368055624999997
20 0.4755859375 0.3888888890625 0.443359375 0.390625 0.443359375 0.5329861109375 0.4814453125 0.534722221875 0.48046875 0.39756944375000003 0.4755859375 0.3888888890625
19 1 0.7274305562500001 0.966796875 0.703125 0.966796875 0.6649305562500001 0.9638671875 0.659722221875 0.955078125 0.6545138890625 0.9482421875 0.6423611109375 0.9130859375 0.621527778125 0.8154296875 0.621527778125 0.5986328125 0.49652777812500004 0.5009765625 0.5 0.4775390625 0.5381944437499999 0.4404296875 0.5381944437499999 0.4248046875 0.5555555562500001 0.4130859375 0.5833333328125 0.193359375 0.9739583328125001 0.1875 0.987847221875 0.1904296875 0.996527778125 0.9990234375 0.996527778125 1 0.7274305562500001
5 0.9140625 0.612847221875 0.9189453125 0.621527778125 0.9521484375 0.6354166671875 0.955078125 0.6302083328125 0.953125 0.5920138890625 0.9619140625 0 0.92578125 0.0017361109374999999 0.921875 0.105902778125 0.923828125 0.22395833281250002 0.919921875 0.296875 0.919921875 0.42881944375 0.9140625 0.612847221875
5 0.5859375 0.47743055625 0.583984375 0.21006944375 0.5810546875 0.20486111093749998 0.4931640625 0.20486111093749998 0.494140625 0.48784722187499996 0.5009765625 0.49305555625 0.5810546875 0.4895833328125 0.5859375 0.47743055625
8 0.541015625 0.17534722187500001 0.5380859375 0.15972222187500001 0.5166015625 0.16319444375 0.515625 0.17534722187500001 0.5185546875 0.18055555625 0.5380859375 0.18055555625 0.541015625 0.17534722187500001
8 0.556640625 0.12673611093749998 0.5556640625 0.11805555625 0.509765625 0.1197916671875 0.5078125 0.140625 0.5107421875 0.1458333328125 0.5498046875 0.1458333328125 0.556640625 0.12673611093749998
15 0.3603515625 0.25 0.357421875 0.265625 0.3642578125 0.2708333328125 0.3671875 0.2552083328125 0.3603515625 0.25
17 0.8564453125 0.47569444375 0.85546875 0.5052083328125 0.8720703125 0.5069444437499999 0.873046875 0.47743055625 0.8564453125 0.47569444375
9 0.876953125 0.1232638890625 0.875 0.105902778125 0.8603515625 0.1041666671875 0.857421875 0.109375 0.857421875 0.13715277812499999 0.8740234375 0.13888888906250002 0.876953125 0.1232638890625
12 0.4462890625 0.21875 0.451171875 0.203125 0.451171875 0.18923611093749998 0.4560546875 0.18055555625 0.462890625 0.1822916671875 0.4599609375 0.17361111093749998 0.4599609375 0.12847222187500001 0.46484375 0.1197916671875 0.4541015625 0.1111111109375 0.4443359375 0.1111111109375 0.435546875 0.07118055625 0.4287109375 0.065972221875 0.427734375 0.16493055625 0.4326171875 0.17361111093749998 0.439453125 0.206597221875 0.4462890625 0.21875