5 0.4814453125 0.3958333328125 0.482421875 0.512152778125 0.4892578125 0.5173611109375 0.4921875 0.512152778125 0.490234375 0.17881944375 0.4638671875 0.17361111093749998 0.4599609375 0.1875 0.4541015625 0.18402777812499999 0.451171875 0.18923611093749998 0.447265625 0.230902778125 0.453125 0.38368055624999997 0.4775390625 0.3888888890625 0.4814453125 0.3958333328125
20 0.48046875 0.39756944375000003 0.4755859375 0.3888888890625 0.4423828125 0.3888888890625 0.443359375 0.5329861109375 0.4794921875 0.534722221875 0.482421875 0.5295138890625 0.48046875 0.39756944375000003
19 1 0.7274305562500001 0.96875 0.699652778125 0.9658203125 0.659722221875 0.9580078125 0.65625 0.9501953125 0.6423611109375 0.9091796875 0.6180555562500001 0.8095703125 0.6180555562500001 0.6005859375 0.49652777812500004 0.5009765625 0.5 0.482421875 0.5329861109375 0.4736328125 0.5381944437499999 0.4384765625 0.5381944437499999 0.4306640625 0.5451388890625 0.232421875 0.9010416671874999 0.18359375 0.9913194437499999 0.1845703125 0.996527778125 0.9990234375 0.996527778125 1 0.7274305562500001
17 0.873046875 0.48090277812500004 0.8701171875 0.47569444375 0.85546875 0.47743055625 0.853515625 0.5017361109375 0.8564453125 0.5069444437499999 0.8701171875 0.5069444437499999 0.873046875 0.48090277812500004
9 0.875 0.109375 0.8720703125 0.1041666671875 0.857421875 0.105902778125 0.85546875 0.13368055625 0.8583984375 0.13888888906250002 0.8740234375 0.13888888906250002 0.875 0.109375
5 0.9521484375 0.6354166671875 0.955078125 0.6267361109375 0.955078125 0.39756944375000003 0.962890625 0.0017361109374999999 0.9248046875 0 0.921875 0.0607638890625 0.921875 0.2795138890625 0.9140625 0.612847221875 0.9189453125 0.621527778125 0.9521484375 0.6354166671875
5 0.5791015625 0.4895833328125 0.583984375 0.48090277812500004 0.5859375 0.39409722187499996 0.5859375 0.2829861109375 0.58203125 0.206597221875 0.5771484375 0.20138888906250002 0.5302734375 0.20486111093749998 0.5224609375 0.1979166671875 0.4951171875 0.20138888906250002 0.4921875 0.206597221875 0.490234375 0.296875 0.494140625 0.484375 0.5009765625 0.49305555625 0.5791015625 0.4895833328125
12 0.451171875 0.19965277812499999 0.4501953125 0.1875 0.4541015625 0.18055555625 0.462890625 0.18576388906250002 0.4580078125 0.17013888906250002 0.462890625 0.1197916671875 0.4541015625 0.1111111109375 0.4443359375 0.1111111109375 0.435546875 0.07118055625 0.4267578125 0.0625 0.427734375 0.16493055625 0.44140625 0.21354166718749998 0.4462890625 0.21875 0.451171875 0.19965277812499999
15 0.3525390625 0.5104166671875 0.3798828125 0.49652777812500004 0.388671875 0.484375 0.38671875 0.2760416671875 0.380859375 0.1614583328125 0.3828125 0.05729166718749999 0.380859375 0.0052083328125 0.3779296875 0 0.337890625 0.0017361109374999999 0.3359375 0.078125 0.34375 0.5017361109375 0.3466796875 0.5104166671875 0.3525390625 0.5104166671875
8 0.541015625 0.17534722187500001 0.5380859375 0.15972222187500001 0.5166015625 0.16319444375 0.515625 0.17534722187500001 0.5185546875 0.18055555625 0.5361328125 0.18055555625 0.541015625 0.17534722187500001
8 0.5498046875 0.1458333328125 0.556640625 0.1232638890625 0.5537109375 0.11805555625 0.509765625 0.1197916671875 0.5078125 0.140625 0.5107421875 0.1458333328125 0.5283203125 0.14930555625 0.5498046875 0.1458333328125