5 0.3874999796875 0 0.182753453125 0.0032257046875 0.194358628125 0.6732660874999999 0.3970035953125 0.6700905296874999 0.3874999796875 0
5 0.1854910515625 0.0023809546875 0 0.00005014375 0.016709574999999997 0.6605640328125 0.1970367828125 0.6669150312500001 0.1854910515625 0.0023809546875
5 0.707666259375 0.0699121703125 0.7228422828125 0.060385554687499995 0.7255204375 0.69073163125 0.74605276875 0.8574477859374999 0.7674777296874999 0.868562271875 0.771941275 0.12230871406249999 0.7951517609375001 0.08896546562499999 0.771941275 0.046095568749999996 0.8049716140625 0.060385554687499995 0.80407885 0.0206911875 0.7737268015625001 0.0175156578125 0.7703124796874999 0.0003968265625 0.7290913546875 0.0159278796875 0.7121298031250001 0.0476833484375 0.707666259375 0.0699121703125
19 0.6602677640625 1 0.6844865140625 0.9861111109375 0.6844865140625 0.9736111109375001 0.6782365140625 0.959722221875 0.6805802640625 0.897222221875 0.6727677640625 0.88055555625 0.6649552640625 0.8736111109375001 0.6454240140625 0.797222221875 0.6430802640625 0.7291666671875 0.6352677640625 0.684722221875 0.6329240140625 0.6333333328124999 0.6274552640625 0.622222221875 0.6308933734375 0.5478320203125 0.6300006109375 0.533542034375 0.5837052640625 0.5361111109375 0.5727677640625 0.522222221875 0.5532365140625 0.51944444375 0.5290177640625 0.5263888890625 0.4852677640625 0.55694444375 0.4782365140625 0.5694444437499999 0.47979901406250003 0.61944444375 0.39776776406250003 0.75 0.31183026406250003 0.7375 0.0024552625000000003 0.7333333328125 0.0008927625 1 0.6602677640625 1
20 0.64296875 0.8027777781250001 0.678125 0.8138888890624999 0.71328125 0.8138888890624999 0.7265625 0.8083333328125001 0.73203125 0.7916666671875 0.7328125 0.70555555625 0.74140625 0.58194444375 0.73984375 0.5666666671875 0.71796875 0.54305555625 0.65625 0.540277778125 0.63828125 0.55 0.62890625 0.5694444437499999 0.62890625 0.6152777781250001 0.63515625 0.6458333328125 0.6390625 0.7833333328125 0.64296875 0.8027777781250001
23 0.8296875 0.44166666718750003 0.83203125 0.48333333281249996 0.9 0.5097222218749999 0.93203125 0.5166666671875 0.948474359375 0.517666659375 0.9698993203124999 0.5160789109375 0.9757023796875 0.516873965625 0.9792731609375 0.50099623125 0.9801659234375 0.4803551875 0.9719081546874999 0.45415336249999994 0.9772643265625 0.40810790625 0.9701227640625 0.3684135703125 0.971015390625 0.3366581015625 0.9757023796875 0.29498435624999997 0.9757023796875 0.24258784375000003 0.9730242265625 0.1993192421875 0.970346071875 0.1278694359375 0.966775290625 0.0945262171875 0.966775290625 0.059993895312500004 0.9632043734375 0.028238426562500002 0.970346071875 0.0044218234375 0.85859375 0 0.8344308984375 0.0048134531250000005 0.8272893359375001 0.030217834375000002 0.8237184187500001 0.19058302031250002 0.8272893359375001 0.2937882671875 0.83515625 0.3763888890625 0.8296875 0.44166666718750003
17 0.43100973593749997 0.5598854671875 0.44051125 0.5570689296875 0.4402850265625 0.533731653125 0.44005878750000005 0.51482043125 0.4296749765625 0.513970821875 0.4296523828125 0.5160275265625 0.43100973593749997 0.552642875 0.43100973593749997 0.5598854671875
9 0.43457391406249996 0.00086651875 0.42432392500000005 0.0006196624999999999 0.424308953125 0.01529201875 0.4317859046875 0.028365131249999998 0.4338135484375 0.02566035625 0.43457391406249996 0.00086651875
23 0.5378451765625 0.0994351296875 0.5411572359375 0.1222620203125 0.5423992359375001 0.14361623125 0.5428132671875 0.162025025 0.5374311765625001 0.1738066421875 0.5270810265625 0.203260709375 0.5245969968749999 0.2960410171875 0.5270810265625 0.3188679359375 0.5270810265625 0.3453765875 0.5270810265625 0.372621634375 0.56171875 0.377777778125 0.57578125 0.365277778125 0.6109375 0.3638888890625 0.6265625 0.3541666671875 0.640625 0.32777777812500003 0.6390625 0.315277778125 0.62890625 0.2958333328125 0.6328125 0.28194444375 0.63046875 0.272222221875 0.6375 0.26527777812500003 0.65390625 0.2833333328125 0.66484375 0.2875 0.67265625 0.2875 0.68828125 0.275 0.71015625 0.275 0.715625 0.26805555625 0.71875 0.20416666718749998 0.7204218499999999 0.000027631249999999997 0.5117628171875 0.0015003421875000001 0.5270810265625 0.0316907640625 0.5265625 0.059722221875 0.5353611468749999 0.089862546875 0.5378451765625 0.0994351296875
2 0.5390563078125 0.51244608125 0.575 0.51805555625 0.5796875 0.50555555625 0.58125 0.4458333328125 0.5765625 0.38194444375000003 0.5622792765625 0.38201104531249996 0.5398711375 0.38346033125 0.5349821015625 0.3914313484375 0.5345746859375 0.408822696875 0.5345746859375 0.433460409375 0.536204375 0.45809815 0.5357969296875 0.48128660625 0.5390563078125 0.51244608125
18 0.58428 0.5667940687499999 0.5936506890625 0.550851946875 0.590391309375 0.4080980421875 0.7060988265625 0.403025590625 0.7073210390625 0.3827356734375 0.6775512359375 0.3805035609375 0.5761315859375 0.38346033125 0.577353859375 0.40230093437500003 0.5781686890625 0.5682432953125 0.58428 0.5667940687499999