19 0.78671875 1 0.7875 0.7625 0.784375 0.6083333328125 0.738671875 0.5986111109375 0.725 0.5708333328124999 0.7234375 0.5458333328125 0.7171875 0.534722221875 0.67578125 0.51944444375 0.659375 0.5097222218749999 0.65546875 0.4986111109375 0.646875 0.49305555625 0.61484375 0.49305555625 0.5828125 0.51944444375 0.540625 0.5263888890625 0.15546875 0.772222221875 0.105859375 0.7736111109375 0.03515625 0.765277778125 0 0.7736111109375 0 1 0.78671875 1
3 0.65546875 0.8027777781250001 0.65625 0.83194444375 0.6625 0.834722221875 0.6671875 0.7513888890625 0.68046875 0.7402777781250001 0.68671875 0.7458333328125 0.68828125 0.7402777781250001 0.6953125 0.5518518515624999 0.70546875 0.540277778125 0.78359375 0.5486111109375 0.78828125 0.54305555625 0.7859375 0.49444444374999996 0.69609375 0.48333333281249996 0.69921875 0.41111111093749997 0.70859375 0.39444444375 0.78671875 0.3888888890625 0.78671875 0.35555555625 0.72578125 0.3583333328125 0.6984375 0.36666666718749996 0.68125 0.38055555625 0.67421875 0.415277778125 0.67109375 0.48194444374999995 0.65234375 0.5097222218749999 0.64921875 0.5236111109375 0.6484375 0.5388888890625 0.65390625 0.540277778125 0.66484375 0.5736111109375 0.65546875 0.8027777781250001
5 0.5985728640625 0.43000272968750003 0.5969214359375 0.4681868234375 0.5966461796875 0.49266383437499994 0.59765625 0.5083333328124999 0.60546875 0.5097222218749999 0.6071052640625 0.38447545625 0.6060043046875 0.3717474015625 0.604352875 0.3506971765625 0.60625 0.222222221875 0.6046875 0.21805555625 0.578125 0.21944444375 0.57022325625 0.22541126562499997 0.5710489812499999 0.25869999374999997 0.570773746875 0.33457876249999996 0.5732508796875 0.39723986875 0.5985728640625 0.40552568125 0.5985728640625 0.43000272968750003
20 0.5977471390625 0.5102872734375 0.5982976296875 0.41923280468749996 0.5982976296875 0.4045465984375 0.571874684375 0.3986721125 0.57109375 0.3370105046875 0.55234375 0.3203438375 0.54921875 0.32312161562499997 0.5523327328125001 0.5190990125 0.5611403875 0.5195885453125 0.5845356890625 0.520078078125 0.5977471390625 0.5102872734375
12 0.54609375 0.3513888890625 0.55546875 0.33055555625 0.553125 0.26527777812500003 0.56796875 0.2 0.55703125 0.1708333328125 0.53203125 0.13888888906250002 0.525 0.147222221875 0.5171875 0.1763888890625 0.5171875 0.22916666718749998 0.52734375 0.334722221875 0.53203125 0.34722222187499996 0.54609375 0.3513888890625
8 0.6133848171875 0.08577934375 0.66564648125 0.0790525046875 0.66822518125 0.0778294375 0.66839710625 0.0460298453125 0.6671937171875 0.0408318328125 0.6109780406249999 0.0478644328125 0.6072128234374999 0.05242317656249999 0.60685211875 0.0582604609375 0.611665684375 0.08211015625 0.6133848171875 0.08577934375
8 0.64484496875 0.18450747812499999 0.66960049375 0.1796152359375 0.672694940625 0.176251809375 0.6732106859375 0.1603520078125 0.672523015625 0.1560713015625 0.6312638109375001 0.16065778125000002 0.6287055609375 0.163612271875 0.6295446765625 0.17930946406249998 0.6307480765625 0.1842017171875 0.64484496875 0.18450747812499999
5 0.7011228875 0.485715053125 0.7078010921875 0.2261005671875 0.605720634375 0.2286458 0.6081056921875 0.4899570875 0.7011228875 0.485715053125
8 0.6628958828125 0.2083571734375 0.665990303125 0.20682834687499999 0.66684986875 0.19459773125 0.66564648125 0.190622784375 0.64467305625 0.19184585 0.6416012046875 0.1960901875 0.6393437453125 0.20499375937500003 0.640547134375 0.20896870625 0.6628958828125 0.2083571734375
15 0.4181699390625 0.49320570625000004 0.4697723734375 0.4763824875 0.465002259375 0.07772279374999999 0.4144390171875 0.0582092953125 0.4181699390625 0.49320570625000004
5 0.788415996875 0.607038146875 0.7869849484375 0.3906927578125 0.7873188265625 0.00127224375 0.7225884015624999 0.0005171984375 0.7244964921875 0.3610298109375 0.7254505 0.5985540140625 0.788415996875 0.607038146875