19 0.59765625 0.9947916671874999 0.5380859375 0.8263888890625 0.529296875 0.7899305562500001 0.529296875 0.7586805562500001 0.5185546875 0.75 0.513671875 0.737847221875 0.513671875 0.637152778125 0.5087890625 0.6180555562500001 0.505859375 0.6197916671875 0.5009765625 0.6458333328125 0.4931640625 0.6493055562500001 0.486328125 0.671875 0.47265625 0.671875 0.4677734375 0.6666666671875 0.46875 0.6197916671875 0.4658203125 0.6145833328125 0.4482421875 0.6180555562500001 0.44921875 0.637152778125 0.4443359375 0.6423611109375 0.4052734375 0.6354166671875 0.3994140625 0.6145833328125 0.3876953125 0.6180555562500001 0.3857421875 0.6388888890625 0.3720703125 0.65625 0.357421875 0.6545138890625 0.3515625 0.640625 0.3525390625 0.621527778125 0.3330078125 0.621527778125 0.3271484375 0.6354166671875 0.3017578125 0.6458333328125 0.2880859375 0.6458333328125 0.2275390625 0.7326388890625 0.1083984375 0.940972221875 0.080078125 0.9913194437499999 0.0810546875 0.996527778125 0.5849609375 1 0.59765625 0.9947916671874999
11 0.3759765625 0.121527778125 0.3671875 0.13715277812499999 0.361328125 0.15451388906250002 0.359375 0.1822916671875 0.3525390625 0.20833333281250002 0.3466796875 0.21875 0.30859375 0.22743055625 0.3095703125 0.25 0.3466796875 0.25 0.3564453125 0.246527778125 0.369140625 0.22048611093749998 0.373046875 0.22395833281250002 0.373046875 0.4739583328125 0.369140625 0.49131944375 0.3671875 0.543402778125 0.369140625 0.5989583328125 0.353515625 0.637152778125 0.3642578125 0.6493055562500001 0.3740234375 0.6493055562500001 0.384765625 0.6302083328125 0.404296875 0.6302083328125 0.4267578125 0.6388888890625 0.4443359375 0.6388888890625 0.447265625 0.6336805562500001 0.447265625 0.6267361109375 0.431640625 0.609375 0.42578125 0.5954861109375 0.427734375 0.453125 0.4375 0.38715277812500004 0.44140625 0.25868055624999997 0.44921875 0.2552083328125 0.4619140625 0.28125 0.4736328125 0.3333333328125 0.4794921875 0.3333333328125 0.484375 0.32465277812500004 0.484375 0.3107638890625 0.458984375 0.22743055625 0.458984375 0.15798611093749998 0.4482421875 0.125 0.4375 0.06770833281250001 0.435546875 0.03993055625 0.4228515625 0.013888889062500001 0.4091796875 0.013888889062500001 0.400390625 0.0260416671875 0.396484375 0.046875 0.396484375 0.105902778125 0.3916015625 0.1145833328125 0.3759765625 0.121527778125
23 0.26953125 0.24131944375 0.26953125 0.22395833281250002 0.2724609375 0.21875 0.2978515625 0.215277778125 0.3037109375 0.222222221875 0.3310546875 0.222222221875 0.3466796875 0.215277778125 0.353515625 0.203125 0.357421875 0.16840277812499999 0.3662109375 0.1354166671875 0.3759765625 0.11805555625 0.3916015625 0.1111111109375 0.396484375 0.09895833281250001 0.39453125 0.053819443749999994 0.400390625 0.02256944375 0.4072265625 0.010416667187500001 0.4169921875 0.006944443749999999 0.4267578125 0.013888889062500001 0.435546875 0.0329861109375 0.439453125 0.078125 0.44921875 0.1232638890625 0.4609375 0.15451388906250002 0.4609375 0.230902778125 0.4765625 0.2864583328125 0.4873046875 0.30902777812500004 0.5302734375 0.30902777812500004 0.533203125 0.30381944375000003 0.53515625 0.012152778125 0.5302734375 0.0034722218749999997 0.2333984375 0 0.234375 0.19618055625 0.2392578125 0.20833333281250002 0.2666015625 0.24305555625 0.26953125 0.24131944375
23 0.3662109375 0.30555555624999997 0.369140625 0.30034722187499996 0.373046875 0.25868055624999997 0.3681640625 0.23263888906250002 0.3544921875 0.25 0.3173828125 0.25 0.310546875 0.25868055624999997 0.3076171875 0.27777777812500004 0.30078125 0.2795138890625 0.3095703125 0.3020833328125 0.3662109375 0.30555555624999997
3 0.466796875 0.6579861109375 0.4697265625 0.6666666671875 0.4736328125 0.6631944437499999 0.4765625 0.668402778125 0.474609375 0.6961805562500001 0.4775390625 0.7013888890625 0.482421875 0.6961805562500001 0.4990234375 0.5694444437499999 0.515625 0.5677083328125 0.517578125 0.737847221875 0.5224609375 0.746527778125 0.5341796875 0.75 0.53515625 0.44618055625 0.5322265625 0.44097222187499996 0.4951171875 0.44097222187499996 0.486328125 0.4635416671875 0.470703125 0.47743055625 0.470703125 0.4947916671875 0.478515625 0.5017361109375 0.478515625 0.5572916671875 0.466796875 0.6579861109375
13 0.4716796875 0.5555555562500001 0.47265625 0.5052083328125 0.4658203125 0.4861111109375 0.45703125 0.484375 0.44921875 0.4670138890625 0.451171875 0.453125 0.4560546875 0.44444444375 0.4892578125 0.44444444375 0.494140625 0.4322916671875 0.4921875 0.39409722187499996 0.4775390625 0.3611111109375 0.4423828125 0.3611111109375 0.439453125 0.3697916671875 0.427734375 0.453125 0.427734375 0.5538194437499999 0.4306640625 0.559027778125 0.4716796875 0.5555555562500001
3 0.4765625 0.4670138890625 0.4873046875 0.46180555625 0.490234375 0.4427083328125 0.4580078125 0.44444444375 0.453125 0.44965277812500004 0.451171875 0.4670138890625 0.4580078125 0.4791666671875 0.4677734375 0.4791666671875 0.4765625 0.4670138890625
3 0.490234375 0.390625 0.494140625 0.41493055625 0.494140625 0.42534722187499996 0.48828125 0.4357638890625 0.4912109375 0.44097222187499996 0.5126953125 0.44097222187499996 0.515625 0.4322916671875 0.515625 0.38368055624999997 0.498046875 0.328125 0.4912109375 0.3229166671875 0.48828125 0.33506944375000003 0.48046875 0.3420138890625 0.48046875 0.36631944375000003 0.490234375 0.390625
2 0.0712890625 0.996527778125 0.1572265625 0.8576388890625 0.248046875 0.6961805562500001 0.2841796875 0.6458333328125 0.302734375 0.609375 0.3046875 0.5329861109375 0.30078125 0.3107638890625 0.2958984375 0.28472222187499996 0.0849609375 0.006944443749999999 0.056640625 0.0052083328125 0.0537109375 0 0.029296875 0.0017361109374999999 0.02734375 0.0607638890625 0.046875 0.9739583328125001 0.0517578125 0.9930555562500001 0.0712890625 0.996527778125
13 0.40625 0.5399305562500001 0.404296875 0.48784722187499996 0.4013671875 0.4826388890625 0.39453125 0.5017361109375 0.390625 0.5572916671875 0.4033203125 0.559027778125 0.40625 0.5538194437499999 0.40625 0.5399305562500001
13 0.333984375 0.484375 0.333984375 0.5572916671875 0.3369140625 0.5625 0.3662109375 0.559027778125 0.3671875 0.515625 0.373046875 0.4670138890625 0.369140625 0.36631944375000003 0.3662109375 0.3611111109375 0.3291015625 0.3611111109375 0.326171875 0.36631944375000003 0.32421875 0.4079861109375 0.326171875 0.41840277812500004 0.337890625 0.4357638890625 0.333984375 0.484375