5 0.1765044515625 0.00005014375 0 0 0.014031420312500001 0.6494494859375 0.1934659328125 0.6621516609375 0.1765044515625 0.00005014375
5 0.3729004125 0 0.178289909375 0.0048134531250000005 0.189895084375 0.6589761625 0.38361296093749997 0.65421279375 0.3729004125 0
19 0.77890625 1 0.7984375 0.9958333328125001 0.79921875 0.984722221875 0.784375 0.9625 0.7734375 0.9583333328125001 0.759375 0.934722221875 0.74609375 0.9305555562500001 0.74296875 0.9208333328125 0.74375 0.8958333328125001 0.7265625 0.847222221875 0.71328125 0.847222221875 0.709375 0.8583333328125 0.69375 0.8486111109375001 0.6953125 0.809722221875 0.68984375 0.797222221875 0.63515625 0.7875 0.62421875 0.772222221875 0.6046875 0.58055555625 0.6046875 0.565277778125 0.61015625 0.5416666671875 0.56484375 0.5305555562500001 0.546875 0.51805555625 0.51796875 0.5236111109375 0.4875 0.540277778125 0.46484375 0.559722221875 0.45859375 0.5736111109375 0.45234375 0.622222221875 0.4421875 0.64444444375 0.4390625 0.672222221875 0.3890625 0.7486111109375 0.36640625 0.7416666671875001 0.23203125 0.73194444375 0 0.725 0 1 0.77890625 1
17 0.42665779531250003 0.5548137578125 0.42657293437500005 0.517683896875 0.42513028906250006 0.513457734375 0.41622875312499996 0.5134393328125 0.415710690625 0.5546628265625 0.416559303125 0.55753058125 0.42665779531250003 0.5548137578125
9 0.407986359375 0.041122121875 0.41726076718750005 0.053196121875 0.41783444062499997 0.04044189375 0.42003352187500004 0.037210828125 0.418312503125 0.01731423125 0.4166870875 0.006940789062499999 0.41343627187500004 0.00047864687499999997 0.409312940625 0.0004675171875 0.40865565156250006 0.0020091546875 0.4093249359375 0.03414980625 0.407986359375 0.041122121875
23 0.5093038125 0.380771453125 0.584753184375 0.37053623125 0.610968628125 0.37053623125 0.614805025 0.3421052296875 0.629511275 0.3398307828125 0.626953659375 0.32959569218749996 0.6039352234375001 0.32049769375000003 0.6039352234375001 0.30002737968750004 0.6071322296874999 0.28865497812499996 0.600098825 0.265910175 0.614805025 0.2556750828125 0.6243960453125 0.26932188749999997 0.6333476734375 0.2954784875 0.6557267171875 0.2932039125 0.665957128125 0.28410608593750003 0.6851391671875 0.2818315109375 0.6857786078125 0.0020704375000000002 0.48621831562500006 0.00003838125 0.5073856390625 0.0248152609375 0.508664421875 0.097598603125 0.5156978249999999 0.11124549375 0.51250081875 0.1863033671875 0.5073856390625 0.1954012796875 0.5093038125 0.380771453125
5 0.6813028171875 0.091912403125 0.7011242 0.11465720625 0.6870573906249999 0.11579447031250001 0.6857786078125 0.13171580624999998 0.6921726203125 0.15218616406250002 0.6864179499999999 0.6058182015625 0.6928119625 0.66040571875 0.710075875 0.8298545562499999 0.727979034375 0.84236418125 0.7324549203124999 0.8412269578125 0.733733703125 0.1385392734375 0.7503580796875 0.1328530734375 0.7503580796875 0.11693169375000001 0.7330942640625 0.11579447031250001 0.7324549203124999 0.0691676 0.749079296875 0.0748538015625 0.7573915312499999 0.097598603125 0.7676219921875 0.077128290625 0.7599490984374999 0.05552075468749999 0.7298972578125 0.053246265625 0.7330942640625 0.0020704375000000002 0.6892291421875 0.0017053546875 0.7030424234375 0.05438348750000001 0.683860384375 0.068030378125 0.6813028171875 0.091912403125
23 0.776616253125 0.48479076406250005 0.84474008125 0.51686393125 0.8527546765625 0.499045534375 0.8531918265625 0.0093518796875 0.7786198625 0 0.776616253125 0.45806316875 0.776616253125 0.48479076406250005
20 0.65234375 0.7916666671875 0.68359375 0.7916666671875 0.69609375 0.7861111109375 0.7 0.772222221875 0.703125 0.590277778125 0.69921875 0.5583333328125 0.6625 0.54444444375 0.63515625 0.54305555625 0.615625 0.5513888890625 0.60625 0.5666666671875 0.6140625 0.7388888890625 0.61875 0.777777778125 0.6296875 0.7875 0.65234375 0.7916666671875
2 0.5213011234375 0.5233762921875 0.5654810718750001 0.519944915625 0.5603487453125 0.3864296703125 0.5151275125 0.3857780921875 0.515320434375 0.4770527109375 0.521494046875 0.5165135390625 0.5213011234375 0.5233762921875
18 0.5582349859375 0.569874734375 0.570978553125 0.57056156875 0.570978553125 0.41258768124999995 0.6833540984375001 0.4091534671875 0.6827656671875 0.388122553125 0.5574625984375 0.387174515625 0.555917940625 0.40434558750000005 0.55862111875 0.413961371875 0.5582349859375 0.569874734375