2 0.3857421875 0.44097222187499996 0.3916015625 0.44444444375 0.423828125 0.44618055625 0.4326171875 0.4548611109375 0.43359375 0.6197916671875 0.4482421875 0.628472221875 0.4658203125 0.625 0.5576171875 0.5416666671875 0.5625 0.5295138890625 0.564453125 0.4427083328125 0.5625 0.32465277812500004 0.55859375 0.3142361109375 0.5400390625 0.28819444375000003 0.50390625 0.25868055624999997 0.4736328125 0.222222221875 0.455078125 0.21354166718749998 0.4443359375 0.20138888906250002 0.3935546875 0.20486111093749998 0.3798828125 0.21875 0.376953125 0.22395833281250002 0.376953125 0.2829861109375 0.380859375 0.42881944375 0.3857421875 0.44097222187499996
19 0.3330078125 0.996527778125 0.962890625 0.9947916671874999 0.9765625 0.671875 0.9765625 0.6475694437499999 0.9716796875 0.6423611109375 0.92578125 0.644097221875 0.9267578125 0.652777778125 0.9443359375 0.6701388890625 0.9443359375 0.6875 0.8623046875 0.6875 0.7099609375 0.6770833328125 0.7060546875 0.6736111109375 0.7021484375 0.6354166671875 0.646484375 0.6302083328125 0.646484375 0.609375 0.6376953125 0.6006944437499999 0.640625 0.546875 0.6376953125 0.5381944437499999 0.6279296875 0.5381944437499999 0.625 0.546875 0.6171875 0.546875 0.6171875 0.5329861109375 0.6142578125 0.527777778125 0.5869140625 0.527777778125 0.58203125 0.5364583328125 0.5771484375 0.53125 0.5654296875 0.534722221875 0.4794921875 0.6145833328125 0.3828125 0.644097221875 0.3623046875 0.6423611109375 0.3447265625 0.652777778125 0.3291015625 0.652777778125 0.326171875 0.6579861109375 0.326171875 0.7586805562500001 0.330078125 0.9913194437499999 0.3330078125 0.996527778125
3 0.646484375 0.5538194437499999 0.64453125 0.512152778125 0.63671875 0.5920138890625 0.6396484375 0.6006944437499999 0.642578125 0.5954861109375 0.646484375 0.5538194437499999
3 0.6240234375 0.4513888890625 0.626953125 0.45659722187499996 0.62109375 0.5364583328125 0.611328125 0.612847221875 0.6142578125 0.6180555562500001 0.6171875 0.612847221875 0.62890625 0.5052083328125 0.63671875 0.49131944375 0.646484375 0.48784722187499996 0.646484375 0.4045138890625 0.64453125 0.35243055624999997 0.6416015625 0.34722222187499996 0.6328125 0.3454861109375 0.6259765625 0.33680555624999997 0.6142578125 0.33680555624999997 0.607421875 0.3489583328125 0.6015625 0.390625 0.607421875 0.44618055625 0.6123046875 0.4548611109375 0.6240234375 0.4513888890625
12 1 0.0017361109374999999 0.8837890625 0 0.8740234375 0.03125 0.8671875 0.0329861109375 0.8671875 0.05729166718749999 0.84375 0.09201388906249999 0.8427734375 0.14236111093749998 0.828125 0.16840277812499999 0.974609375 0.8350694437499999 0.970703125 0.9079861109375 0.9716796875 0.9791666671874999 0.9765625 0.9600694437499999 0.98828125 0.9392361109375 0.9951171875 0.9375 1 0.925347221875 1 0.0017361109374999999
20 0.4287109375 0.625 0.431640625 0.6197916671875 0.431640625 0.453125 0.4287109375 0.4479166671875 0.4169921875 0.4513888890625 0.3916015625 0.44444444375 0.3642578125 0.44444444375 0.359375 0.44965277812500004 0.359375 0.6336805562500001 0.3623046875 0.6388888890625 0.4072265625 0.6388888890625 0.4287109375 0.625
23 0.5380859375 0 0.5390625 0.17881944375 0.576171875 0.206597221875 0.5693359375 0.25 0.56640625 0.2517361109375 0.564453125 0.265625 0.55859375 0.26909722187499996 0.556640625 0.2795138890625 0.564453125 0.3072916671875 0.5654296875 0.34027777812500004 0.6416015625 0.3298611109375 0.646484375 0.32118055624999997 0.646484375 0.21006944375 0.775390625 0.17534722187500001 0.7822265625 0.18402777812499999 0.8017578125 0.18055555625 0.8310546875 0.15277777812499999 0.841796875 0.13368055625 0.84375 0.08506944375 0.8564453125 0.07291666718749999 0.865234375 0.053819443749999994 0.86328125 0.0295138890625 0.8720703125 0.027777778125000003 0.876953125 0.0052083328125 0.8759765625 0 0.5380859375 0
13 0.59921875 0.5138888890625 0.60703125 0.5138888890625 0.61015625 0.525 0.61875 0.527777778125 0.62421875 0.5013888890625 0.625 0.4611111109375 0.62265625 0.45555555625000005 0.594977678125 0.459722221875 0.58046875 0.45416666718750004 0.578125 0.4611111109375 0.56796875 0.5083333328124999 0.5703125 0.5208333328125 0.58359375 0.5291666671875 0.59921875 0.5138888890625
3 0.5859375 0.4704861109375 0.5888671875 0.46180555625 0.6220703125 0.46180555625 0.625 0.45659722187499996 0.6220703125 0.4548611109375 0.6201171875 0.4583333328125 0.607421875 0.44618055625 0.60546875 0.4079861109375 0.6005859375 0.3923611109375 0.5908203125 0.3923611109375 0.5869140625 0.3888888890625 0.5849609375 0.3923611109375 0.5810546875 0.3888888890625 0.5771484375 0.3923611109375 0.578125 0.5260416671875 0.5810546875 0.53125 0.583984375 0.5260416671875 0.5859375 0.4704861109375
9 0.3583984375 0.08680555625 0.3525390625 0.08680555625 0.353515625 0.11631944375 0.3623046875 0.125 0.36328125 0.09548611093750001 0.3583984375 0.08680555625
12 0.5146484375 0.27777777812500004 0.5224609375 0.2708333328125 0.5478515625 0.2986111109375 0.556640625 0.30034722187499996 0.544921875 0.24131944375 0.5400390625 0.23263888906250002 0.5283203125 0.23611111093749998 0.525390625 0.22395833281250002 0.5205078125 0.21875 0.5087890625 0.22569444375 0.4990234375 0.20833333281250002 0.4931640625 0.215277778125 0.48828125 0.22395833281250002 0.48828125 0.234375 0.5087890625 0.2708333328125 0.5146484375 0.27777777812500004