10 0.880859375 0.21701388906250002 0.884765625 0.234375 0.8876953125 0.23958333281250002 0.9306640625 0.23611111093749998 0.931640625 0.078125 0.9287109375 0.07291666718749999 0.8798828125 0.07638888906249999 0.876953125 0.081597221875 0.8828125 0.09548611093750001 0.884765625 0.15798611093749998 0.880859375 0.21701388906250002
10 0.6865234375 0.246527778125 0.8447265625 0.24305555625 0.8681640625 0.23958333281250002 0.873046875 0.230902778125 0.875 0.19965277812499999 0.8671875 0.11631944375 0.859375 0.09895833281250001 0.861328125 0.081597221875 0.8515625 0.06770833281250001 0.8505859375 0.055555556250000006 0.6845703125 0.07291666718749999 0.681640625 0.078125 0.681640625 0.1232638890625 0.68359375 0.24131944375 0.6865234375 0.246527778125
19 1 0.8072916671874999 0.9853515625 0.7986111109375 0.9755859375 0.784722221875 0.9677734375 0.784722221875 0.9677734375 0.6631944437499999 0.970703125 0.6336805562500001 0.966796875 0.612847221875 0.9560546875 0.6076388890625 0.9482421875 0.6319444437499999 0.9384765625 0.6354166671875 0.9326171875 0.628472221875 0.9296875 0.5954861109375 0.9208984375 0.5798611109375 0.7275390625 0.5763888890625 0.71875 0.581597221875 0.71484375 0.5920138890625 0.693359375 0.5920138890625 0.693359375 0.5850694437499999 0.6904296875 0.5833333328125 0.685546875 0.605902778125 0.666015625 0.605902778125 0.666015625 0.5920138890625 0.6630859375 0.5868055562500001 0.646484375 0.578125 0.646484375 0.543402778125 0.6416015625 0.5381944437499999 0.5751953125 0.5381944437499999 0.5625 0.546875 0.5537109375 0.5416666671875 0.5166015625 0.5416666671875 0.51171875 0.546875 0.51171875 0.574652778125 0.5078125 0.581597221875 0.4736328125 0.6076388890625 0.171875 0.737847221875 0.1572265625 0.722222221875 0.1494140625 0.722222221875 0.125 0.737847221875 0.1171875 0.7586805562500001 0.12109375 0.8524305562500001 0.125 0.8767361109375 0.11328125 0.8975694437499999 0.0263671875 0.9861111109375 0.0234375 0.9913194437499999 0.0263671875 0.996527778125 1 0.9947916671874999 1 0.8072916671874999
18 1 0.3191926171875 0.8662109375 0.31597222187499996 0.8173828125 0.31597222187499996 0.7958984375 0.31944444375000003 0.7900390625 0.3263888890625 0.7509765625 0.3229166671875 0.7451171875 0.3125 0.6943359375 0.3125 0.6748046875 0.31597222187499996 0.671875 0.32118055624999997 0.6728515625 0.33680555624999997 0.666015625 0.35590277812500004 0.669921875 0.6232638890625 0.6817777546875 0.62722069375 0.684455909375 0.377940246875 0.6951683875 0.3731769390625 0.697265625 0.6232638890625 0.697265625 0.6822916671875 0.7001953125 0.6875 0.7080078125 0.6875 0.7109375 0.6822916671875 0.7119140625 0.37847222187499996 0.7314453125 0.37152777812500004 0.7431640625 0.375 0.7548828125 0.3958333328125 0.7900390625 0.3958333328125 0.79296875 0.38715277812500004 0.8046875 0.38715277812500004 0.8115234375 0.3958333328125 0.8681640625 0.3923611109375 1 0.3906424234375 1 0.3191926171875
8 0.5859375 0.0017361109374999999 0.5712890625 0 0.572265625 0.0607638890625 0.5771484375 0.065972221875 0.5869140625 0.0625 0.5859375 0.0017361109374999999
5 0.439453125 0.6163194437499999 0.4423828125 0.621527778125 0.4501953125 0.621527778125 0.4970703125 0.5868055562500001 0.5078125 0.5711805562500001 0.501953125 0.0052083328125 0.4990234375 0 0.43359375 0.0017361109374999999 0.431640625 0.012152778125 0.4375 0.32118055624999997 0.4375 0.574652778125 0.439453125 0.6163194437499999
2 0.2841796875 0.7430555562500001 0.3115234375 0.71875 0.3359375 0.6892361109375 0.337890625 0.6267361109375 0.333984375 0.3802083328125 0.3271484375 0.36805555624999997 0.2841796875 0.3611111109375 0.25 0.36284722187499996 0.25 0.484375 0.2578125 0.730902778125 0.2666015625 0.7395833328125 0.2841796875 0.7430555562500001
14 0.37109375 0.15451388906250002 0.37109375 0.18576388906250002 0.3505859375 0.1875 0.345703125 0.206597221875 0.345703125 0.230902778125 0.33203125 0.24131944375 0.333984375 0.328125 0.3466796875 0.34027777812500004 0.3974609375 0.3576388890625 0.3984375 0.33159722187499996 0.40234375 0.32465277812500004 0.416015625 0.32118055624999997 0.4111328125 0.30555555624999997 0.4130859375 0.2673611109375 0.4189453125 0.2673611109375 0.421875 0.25868055624999997 0.4130859375 0.23958333281250002 0.3916015625 0.24305555625 0.388671875 0.21006944375 0.39453125 0.1822916671875 0.3779296875 0.15625 0.365234375 0.112847221875 0.34765625 0.08854166718749999 0.3515625 0.105902778125 0.357421875 0.112847221875 0.361328125 0.13368055625 0.37109375 0.15451388906250002
2 0.4228515625 0.6319444437499999 0.42578125 0.6232638890625 0.42578125 0.5225694437499999 0.421875 0.42881944375 0.4091796875 0.4236111109375 0.3369140625 0.4270833328125 0.337890625 0.6510416671875 0.3408203125 0.65625 0.3896484375 0.659722221875 0.4228515625 0.6319444437499999
18 0.517578125 0.4322916671875 0.5244140625 0.40972222187499996 0.5927734375 0.40972222187499996 0.59375 0.4739583328125 0.59765625 0.5086805562500001 0.595703125 0.5329861109375 0.599609375 0.5329861109375 0.6015625 0.39756944375000003 0.5986328125 0.3923611109375 0.5166015625 0.3888888890625 0.51171875 0.39409722187499996 0.509765625 0.5295138890625 0.5126953125 0.534722221875 0.51953125 0.4982638890625 0.517578125 0.4322916671875
2 0.0018692578125 0.996527778125 0.0116348828125 0.996527778125 0.027259882812500004 0.9826388890625 0.1151505078125 0.8923611109375 0.1219864453125 0.8802083328125001 0.1122208203125 0.7725694437499999 0.1122208203125 0.7100694437499999 0.1063614453125 0.6336805562500001 0.1005020703125 0.3072916671875 0.0965958203125 0.26909722187499996 0.0985489453125 0.2517361109375 0.0839005078125 0.23611111093749998 0.0682755078125 0.23611111093749998 0.025306757812500004 0.215277778125 0.0106583203125 0.22048611093749998 0.0214005078125 0.23611111093749998 0.0145645703125 0.24826388906250002 0.0008926953124999999 0.2517361109375 0.0018692578125 0.996527778125