19 1 0.8732638890625 0.962890625 0.828125 0.9521484375 0.8020833328125001 0.94921875 0.7829861109375 0.951171875 0.6822916671875 0.9462890625 0.6736111109375 0.8779296875 0.621527778125 0.873046875 0.6232638890625 0.875 0.6510416671875 0.8720703125 0.65625 0.8583984375 0.652777778125 0.8115234375 0.597222221875 0.75 0.546875 0.740234375 0.5329861109375 0.740234375 0.515625 0.7373046875 0.5104166671875 0.7099609375 0.5104166671875 0.6552734375 0.4895833328125 0.6279296875 0.4895833328125 0.6123046875 0.5 0.609375 0.512152778125 0.59375 0.5295138890625 0.591796875 0.5607638890625 0.5869140625 0.5694444437499999 0.4990234375 0.5694444437499999 0.0966796875 0.9826388890625 0.091796875 0.9913194437499999 0.0927734375 0.996527778125 0.9990234375 0.996527778125 1 0.8732638890625
11 0.5185546875 0.3020833328125 0.5068359375 0.3020833328125 0.505859375 0.3177083328125 0.5126953125 0.3229166671875 0.5244140625 0.31944444375000003 0.5283203125 0.33680555624999997 0.5458984375 0.34027777812500004 0.552734375 0.3454861109375 0.5546875 0.35590277812500004 0.55078125 0.390625 0.55078125 0.46006944375 0.556640625 0.48784722187499996 0.55859375 0.5260416671875 0.552734375 0.5399305562500001 0.5419921875 0.5451388890625 0.541015625 0.550347221875 0.5458984375 0.559027778125 0.5576171875 0.565972221875 0.5849609375 0.5625 0.587890625 0.550347221875 0.583984375 0.5329861109375 0.5859375 0.5017361109375 0.58203125 0.4322916671875 0.583984375 0.4079861109375 0.59375 0.36631944375000003 0.587890625 0.3072916671875 0.591796875 0.296875 0.591796875 0.26909722187499996 0.5859375 0.24131944375 0.5732421875 0.21875 0.56640625 0.21354166718749998 0.56640625 0.1822916671875 0.5634765625 0.17361111093749998 0.5537109375 0.1666666671875 0.53125 0.1927083328125 0.5361328125 0.1979166671875 0.546875 0.24826388906250002 0.5302734375 0.2916666671875 0.5185546875 0.3020833328125
5 0.6181640625 0.4861111109375 0.6611328125 0.4861111109375 0.666015625 0.4739583328125 0.662109375 0.3420138890625 0.66796875 0.2552083328125 0.6650390625 0.246527778125 0.6123046875 0.25 0.609375 0.2552083328125 0.609375 0.26909722187499996 0.61328125 0.4739583328125 0.6181640625 0.4861111109375
5 0.689453125 0.484375 0.6875 0.25868055624999997 0.6845703125 0.25347222187499996 0.671875 0.2552083328125 0.671875 0.4670138890625 0.6767578125 0.4895833328125 0.6865234375 0.4895833328125 0.689453125 0.484375
5 0.7373046875 0.5 0.73828125 0.19965277812499999 0.6904296875 0.20138888906250002 0.6875 0.206597221875 0.689453125 0.49131944375 0.6923828125 0.5 0.7373046875 0.5
5 0.603515625 0.41840277812500004 0.6083984375 0.4270833328125 0.609375 0.2552083328125 0.6064453125 0.25 0.5966796875 0.25 0.59375 0.2552083328125 0.59375 0.29340277812500004 0.58984375 0.3072916671875 0.591796875 0.38715277812500004 0.5859375 0.4079861109375 0.5927734375 0.4166666671875 0.603515625 0.41840277812500004
8 0.662109375 0.17534722187500001 0.6435546875 0.13888888906250002 0.6416015625 0.12847222187500001 0.640625 0.13715277812499999 0.626953125 0.15798611093749998 0.6259765625 0.1666666671875 0.619140625 0.171875 0.6171875 0.18576388906250002 0.6240234375 0.19444444375 0.6552734375 0.19097222187500001 0.662109375 0.17534722187500001
8 0.6669921875 0.097222221875 0.671875 0.08506944375 0.6708984375 0.0625 0.6181640625 0.06944444375 0.615234375 0.074652778125 0.615234375 0.09548611093750001 0.6181640625 0.10069444375 0.6669921875 0.097222221875
3 0.6064453125 0.46527777812500004 0.60546875 0.5052083328125 0.6083984375 0.5104166671875 0.609375 0.4704861109375 0.6064453125 0.46527777812500004
3 0.5849609375 0.4583333328125 0.5869140625 0.4548611109375 0.59375 0.4635416671875 0.6005859375 0.5208333328125 0.599609375 0.4635416671875 0.603515625 0.45659722187499996 0.6083984375 0.4583333328125 0.609375 0.44965277812500004 0.60546875 0.4392361109375 0.60546875 0.42534722187499996 0.6005859375 0.4166666671875 0.583984375 0.41493055625 0.59375 0.4322916671875 0.59375 0.4392361109375 0.58203125 0.44965277812500004 0.5849609375 0.4583333328125
17 0.5146484375 0.49305555625 0.513671875 0.5017361109375 0.5166015625 0.503472221875 0.51953125 0.4947916671875 0.5146484375 0.49305555625