20 1 0.6888888890625 0.8921875 0.6805555562500001 0.81015625 0.6833333328125 0.78359375 0.6944444437499999 0.7578125 0.734722221875 0.74453125 0.7708333328125 0.7390625 0.809722221875 0.74609375 0.8388888890624999 0.765625 0.8611111109375 0.77890625 0.8666666671875 0.78828125 0.8833333328125 0.78359375 1 1 1 1 0.6888888890625
19 0.796875 1 0.79375 0.8833333328125 0.78515625 0.875 0.753125 0.8638888890624999 0.74765625 0.85694444375 0.73515625 0.8208333328125 0.73203125 0.7805555562500001 0.6984375 0.772222221875 0.68515625 0.7333333328125 0.678125 0.7291666671875 0.659375 0.6944444437499999 0.62421875 0.6555555562500001 0.6203125 0.6458333328125 0.6109375 0.5791666671875 0.609375 0.5138888890625 0.60546875 0.5041666671875 0.5859375 0.4916666671875 0.55703125 0.4916666671875 0.53671875 0.502777778125 0.52578125 0.5333333328125 0.528125 0.5611111109375 0.52265625 0.5708333328124999 0.515625 0.565277778125 0.471875 0.5625 0.43125 0.5694444437499999 0.428125 0.5944444437499999 0.4140625 0.61944444375 0.41640625 0.6361111109375 0.40703125 0.7111111109375 0.39140625 0.7388888890625 0.37890625 0.7486111109375 0.27265625 0.7458333328125 0.23125 0.772222221875 0.17734375 0.777777778125 0.115625 0.772222221875 0.09296875 0.7638888890625 0.08671875 0.7541666671875 0.08125 0.709722221875 0.0765625 0.6958333328124999 0.00234375 0.7291666671875 0 0.73055555625 0 0.8958333328125001 0.02421875 1 0.796875 1
20 0.08984375 0.7597222218749999 0.11640625 0.7708333328125 0.2140625 0.775 0.24609375 0.7625 0.2546875 0.752777778125 0.2578125 0.675 0.26640625 0.60555555625 0.2765625 0.5736111109375 0.27578125 0.5555555562500001 0.27109375 0.54305555625 0.265625 0.5388888890625 0.12578125 0.5361111109375 0.08671875 0.5416666671875 0.0703125 0.5555555562500001 0.0734375 0.627777778125 0.08359375 0.6666666671875 0.08515625 0.7486111109375 0.08984375 0.7597222218749999
22 0.053125 0.33888888906250003 0.07734375 0.32777777812500003 0.0984375 0.30694444375 0.12890625 0.240277778125 0.128125 0.2208333328125 0.11796875 0.20833333281250002 0.0546875 0.18194444375000002 0.0015625 0.16805555625 0 0.3513888890625 0.01328125 0.352777778125 0.02109375 0.34444444375 0.053125 0.33888888906250003
16 0.0015335156250000002 0 0 0.13501095000000002 0.0059970609375 0.1588275515625 0.031885632812499995 0.16200304999999998 0.0390272640625 0.12707208125 0.0381696234375 0 0.0015335156250000002 0
9 0.3953124796875 0.0003968265625 0.39254005 0.03339339375 0.4068233796875 0.042920040625 0.407716075 0.0048134531250000005 0.3953124796875 0.0003968265625
2 0.55267855 0.3873015890625 0.551442196875 0.4938476984375 0.5889360124999999 0.4906721390625 0.5889360124999999 0.392230171875 0.55267855 0.3873015890625
18 0.5969703390625 0.40175685000000005 0.641605853125 0.4033445984375 0.6374999796874999 0.3873015890625 0.5862578593750001 0.3890546734375 0.58447246875 0.5144887421875 0.5933995578125 0.5129009921875001 0.5969703390625 0.40175685000000005
23 0.54921875 0.3708333328125 0.553125 0.377777778125 0.61484375 0.375 0.61953125 0.35694444375 0.61875 0.32083333281250004 0.6296875 0.309722221875 0.63671875 0.3166666671875 0.6390625 0.3138888890625 0.63984375 0.034722221875 0.534375 0.04444444375 0.534375 0.102777778125 0.53828125 0.1166666671875 0.5484375 0.253935184375 0.54921875 0.3708333328125
9 0.52198284375 0.20646075625 0.51361605 0.20476190625 0.5130557546875 0.23662838437499997 0.5193046906250001 0.23662838437499997 0.52198284375 0.20646075625
17 0.7817611265625 0.0032257046875 0.75022319375 0 0.744267378125 0.058797775 0.7835465171875 0.058797775 0.7817611265625 0.0032257046875
17 0.040401765625 0.51626984375 0.016709574999999997 0.520839859375 0.0113533 0.57641193125 0.041705417187499996 0.57799968125 0.040401765625 0.51626984375
5 0.5041286656249999 0.5303664765625 0.5024553375 0.0023809546875 0.42199940312499995 0.00005014375 0.4282484078125 0.52560316875 0.5041286656249999 0.5303664765625