19 1 0.730902778125 0.9892578125 0.7326388890625 0.9521484375 0.71875 0.8974609375 0.7118055562500001 0.8857421875 0.7048611109375 0.8291015625 0.7048611109375 0.8154296875 0.7013888890625 0.8017578125 0.6805555562500001 0.7919921875 0.6875 0.7822265625 0.6736111109375 0.7431640625 0.6770833328125 0.736328125 0.671875 0.732421875 0.6649305562500001 0.736328125 0.6475694437499999 0.765625 0.5954861109375 0.783203125 0.581597221875 0.783203125 0.574652778125 0.7783203125 0.5694444437499999 0.6650390625 0.5694444437499999 0.662109375 0.578125 0.63671875 0.578125 0.630859375 0.5711805562500001 0.630859375 0.5538194437499999 0.6240234375 0.5486111109375 0.5810546875 0.5486111109375 0.576171875 0.5677083328125 0.572265625 0.5711805562500001 0.5673828125 0.5694444437499999 0.564453125 0.5538194437499999 0.5595703125 0.5486111109375 0.5341796875 0.5486111109375 0.1904296875 0.7291666671875 0.1787109375 0.7291666671875 0.1689453125 0.71875 0.0419921875 0.7881944437499999 0.0029296875 0.7881944437499999 0 0.793402778125 0.0009765625 0.996527778125 1 0.9947916671874999 1 0.730902778125
5 0.525390625 0.5677083328125 0.5234375 0.19965277812499999 0.51953125 0.109375 0.4833984375 0.0486111109375 0.4755859375 0.0451388890625 0.474609375 0.5850694437499999 0.4794921875 0.59375 0.4873046875 0.59375 0.525390625 0.5677083328125
2 0.1796875 0.7239583328125 0.2783203125 0.7291666671875 0.2919921875 0.7256944437499999 0.3251953125 0.6944444437499999 0.328125 0.6892361109375 0.328125 0.640625 0.32421875 0.359375 0.2998046875 0.33680555624999997 0.2373046875 0.33680555624999997 0.2294921875 0.3333333328125 0.2275390625 0.3229166671875 0.2197265625 0.3229166671875 0.2177734375 0.3333333328125 0.2119140625 0.3333333328125 0.2060546875 0.3229166671875 0.205078125 0.33159722187499996 0.1982421875 0.34027777812500004 0.1630859375 0.34722222187499996 0.169921875 0.359375 0.171875 0.39409722187499996 0.173828125 0.5885416671875 0.1796875 0.7239583328125
2 0.3818359375 0.6458333328125 0.3955078125 0.6458333328125 0.416015625 0.6232638890625 0.416015625 0.421875 0.4111328125 0.40277777812500004 0.3779296875 0.39930555624999997 0.375 0.4045138890625 0.375 0.512152778125 0.37890625 0.640625 0.3818359375 0.6458333328125
2 0.466796875 0.46006944375 0.4638671875 0.4548611109375 0.4189453125 0.4583333328125 0.41796875 0.609375 0.4580078125 0.6076388890625 0.46875 0.5920138890625 0.466796875 0.46006944375
10 0.7060546875 0.33680555624999997 0.7509765625 0.3333333328125 0.755859375 0.328125 0.751953125 0.22048611093749998 0.7490234375 0.215277778125 0.6435546875 0.22569444375 0.640625 0.230902778125 0.640625 0.3107638890625 0.6435546875 0.33680555624999997 0.7060546875 0.33680555624999997
10 0.810546875 0.22743055625 0.8056640625 0.21875 0.7744140625 0.222222221875 0.771484375 0.22743055625 0.76953125 0.328125 0.7744140625 0.3333333328125 0.8095703125 0.3298611109375 0.810546875 0.22743055625
8 0.58984375 0.11631944375 0.5771484375 0.1145833328125 0.578125 0.1510416671875 0.5830078125 0.15972222187500001 0.5908203125 0.15625 0.58984375 0.11631944375
14 0.4521484375 0.3854166671875 0.46484375 0.38368055624999997 0.458984375 0.3767361109375 0.458984375 0.35243055624999997 0.466796875 0.3420138890625 0.4599609375 0.3263888890625 0.4482421875 0.3298611109375 0.44140625 0.3177083328125 0.44921875 0.2864583328125 0.4404296875 0.27430555624999997 0.4296875 0.237847221875 0.4228515625 0.22569444375 0.41796875 0.22743055625 0.41796875 0.39756944375000003 0.4228515625 0.40277777812500004 0.4443359375 0.40625 0.4521484375 0.3854166671875
14 0.90625 0.3454861109375 0.90234375 0.33159722187499996 0.9052734375 0.31944444375000003 0.9365234375 0.31597222187499996 0.94140625 0.3072916671875 0.943359375 0.2795138890625 0.93359375 0.2552083328125 0.93359375 0.22048611093749998 0.9619140625 0.21875 0.9716796875 0.23611111093749998 0.974609375 0.234375 0.9755859375 0.21180555625 0.98046875 0.19618055625 0.9677734375 0.1875 0.9521484375 0.15972222187500001 0.951171875 0.13368055625 0.9423828125 0.11805555625 0.9052734375 0.12847222187500001 0.896484375 0.140625 0.8984375 0.15451388906250002 0.892578125 0.171875 0.892578125 0.18576388906250002 0.9013671875 0.20138888906250002 0.9140625 0.206597221875 0.9140625 0.24826388906250002 0.90625 0.2760416671875 0.8857421875 0.27430555624999997 0.87890625 0.2829861109375 0.876953125 0.296875 0.87890625 0.3107638890625 0.875 0.36284722187499996 0.9052734375 0.3645833328125 0.90625 0.3454861109375
18 0.6552734375 0.625 0.658203125 0.6197916671875 0.658203125 0.4357638890625 0.7470703125 0.4375 0.7724609375 0.43055555625 0.8427734375 0.43055555625 0.845703125 0.38715277812500004 0.8369140625 0.38194444375000003 0.8173828125 0.3854166671875 0.8076171875 0.3645833328125 0.7822265625 0.36805555624999997 0.767578125 0.390625 0.76171875 0.390625 0.76171875 0.38368055624999997 0.7529296875 0.36805555624999997 0.6904296875 0.36805555624999997 0.6513671875 0.37152777812500004 0.640625 0.4010416671875 0.640625 0.5920138890625 0.6484375 0.6024305562500001 0.650390625 0.6197916671875 0.6552734375 0.625
18 0.533203125 0.4670138890625 0.5390625 0.453125 0.595703125 0.453125 0.59765625 0.5364583328125 0.6015625 0.5399305562500001 0.6005859375 0.4270833328125 0.5341796875 0.4236111109375 0.52734375 0.4322916671875 0.525390625 0.5086805562500001 0.5283203125 0.5451388890625 0.533203125 0.5225694437499999 0.533203125 0.4670138890625