19 1 0.7204861109375 0.8779296875 0.690972221875 0.8251953125 0.690972221875 0.8115234375 0.6875 0.7939453125 0.6701388890625 0.7841796875 0.6701388890625 0.7685546875 0.65625 0.7451171875 0.65625 0.7392578125 0.6631944437499999 0.73046875 0.6579861109375 0.728515625 0.644097221875 0.7314453125 0.6354166671875 0.759765625 0.5850694437499999 0.775390625 0.5711805562500001 0.7685546875 0.5625 0.6611328125 0.5625 0.66015625 0.609375 0.6552734375 0.6180555562500001 0.6494140625 0.6180555562500001 0.6416015625 0.6041666671875 0.63671875 0.574652778125 0.62890625 0.5572916671875 0.62890625 0.546875 0.6220703125 0.5381944437499999 0.5810546875 0.5416666671875 0.578125 0.5572916671875 0.56640625 0.5572916671875 0.5634765625 0.5416666671875 0.5361328125 0.5416666671875 0.52734375 0.5642361109375 0.4892578125 0.5868055562500001 0.4755859375 0.5868055562500001 0.4462890625 0.6076388890625 0.4248046875 0.6076388890625 0.2626953125 0.7118055562500001 0.1708984375 0.7048611109375 0.1259765625 0.7326388890625 0.0517578125 0.7604166671875 0.0009765625 0.7638888890625 0 0.8732638890625 0.0361328125 0.909722221875 0.0439453125 0.909722221875 0.048828125 0.9288194437499999 0.0869140625 0.996527778125 1 0.9947916671874999 1 0.7204861109375
5 0.5205078125 0.565972221875 0.52734375 0.5572916671875 0.525390625 0.1232638890625 0.5234375 0.109375 0.5048828125 0.07638888906249999 0.4892578125 0.05208333281250001 0.4794921875 0.0451388890625 0.478515625 0.4947916671875 0.48046875 0.581597221875 0.4912109375 0.5833333328125 0.5205078125 0.565972221875
10 0.8037109375 0.3263888890625 0.806640625 0.3177083328125 0.8046875 0.22395833281250002 0.8017578125 0.21875 0.7705078125 0.222222221875 0.765625 0.230902778125 0.765625 0.32465277812500004 0.7685546875 0.3298611109375 0.8037109375 0.3263888890625
10 0.7578125 0.32465277812500004 0.7578125 0.3072916671875 0.7470703125 0.2638888890625 0.755859375 0.24826388906250002 0.75390625 0.24131944375 0.759765625 0.22743055625 0.751953125 0.22395833281250002 0.7470703125 0.215277778125 0.6435546875 0.22569444375 0.640625 0.230902778125 0.6435546875 0.3333333328125 0.7451171875 0.3333333328125 0.7578125 0.32465277812500004
18 0.640625 0.5850694437499999 0.6484375 0.5954861109375 0.6484375 0.609375 0.6513671875 0.6145833328125 0.65625 0.612847221875 0.65625 0.42534722187499996 0.6591796875 0.4166666671875 0.6728515625 0.41319444375 0.6826171875 0.43055555625 0.8193359375 0.43055555625 0.8349609375 0.4270833328125 0.837890625 0.421875 0.841796875 0.38715277812500004 0.8369140625 0.38194444375000003 0.7099609375 0.3854166671875 0.7041015625 0.36805555624999997 0.6943359375 0.3645833328125 0.6513671875 0.36805555624999997 0.6484375 0.3732638890625 0.6484375 0.38368055624999997 0.638671875 0.39756944375000003 0.638671875 0.5607638890625 0.640625 0.5850694437499999
18 0.53515625 0.5260416671875 0.5380859375 0.4479166671875 0.5439453125 0.43402777812500004 0.5927734375 0.43402777812500004 0.595703125 0.4392361109375 0.595703125 0.515625 0.59765625 0.5329861109375 0.6005859375 0.5381944437499999 0.603515625 0.5329861109375 0.6025390625 0.4201388890625 0.5341796875 0.4166666671875 0.529296875 0.42534722187499996 0.529296875 0.5225694437499999 0.5322265625 0.53125 0.53515625 0.5260416671875
2 0.1953125 0.699652778125 0.1982421875 0.7048611109375 0.2919921875 0.7083333328125 0.3037109375 0.7048611109375 0.3349609375 0.6770833328125 0.337890625 0.671875 0.337890625 0.6267361109375 0.33203125 0.3767361109375 0.333984375 0.35243055624999997 0.3193359375 0.34027777812500004 0.3076171875 0.34027777812500004 0.2998046875 0.3333333328125 0.2197265625 0.3333333328125 0.1767578125 0.34027777812500004 0.1875 0.35243055624999997 0.189453125 0.38715277812500004 0.189453125 0.4947916671875 0.1953125 0.699652778125
2 0.4189453125 0.6145833328125 0.421875 0.605902778125 0.421875 0.39756944375000003 0.4072265625 0.3923611109375 0.384765625 0.39409722187499996 0.384765625 0.6024305562500001 0.38671875 0.6302083328125 0.4013671875 0.6319444437499999 0.4189453125 0.6145833328125
2 0.47265625 0.581597221875 0.47265625 0.4982638890625 0.46875 0.46006944375 0.470703125 0.453125 0.4677734375 0.4479166671875 0.4462890625 0.44444444375 0.4228515625 0.4479166671875 0.421875 0.5954861109375 0.4248046875 0.6006944437499999 0.4599609375 0.597222221875 0.47265625 0.581597221875
8 0.595703125 0.14756944375 0.59375 0.1197916671875 0.5888671875 0.1111111109375 0.5810546875 0.1111111109375 0.578125 0.11631944375 0.580078125 0.14756944375 0.5888671875 0.15625 0.595703125 0.14756944375
14 0.423828125 0.28993055624999997 0.421875 0.390625 0.4501953125 0.39930555624999997 0.4560546875 0.37847222187499996 0.466796875 0.3767361109375 0.4658203125 0.34375 0.46875 0.33159722187499996 0.4658203125 0.3229166671875 0.4521484375 0.3298611109375 0.4462890625 0.31944444375000003 0.4453125 0.3107638890625 0.455078125 0.2864583328125 0.4482421875 0.27777777812500004 0.435546875 0.237847221875 0.4267578125 0.222222221875 0.423828125 0.22395833281250002 0.439453125 0.26909722187499996 0.439453125 0.2864583328125 0.4287109375 0.28472222187499996 0.423828125 0.28993055624999997
14 0.8955078125 0.3611111109375 0.9501953125 0.27777777812500004 0.9580078125 0.25347222187499996 0.96484375 0.24826388906250002 0.962890625 0.22048611093749998 0.96875 0.19965277812499999 0.9521484375 0.1875 0.9482421875 0.1770833328125 0.9423828125 0.17361111093749998 0.943359375 0.15451388906250002 0.9326171875 0.121527778125 0.888671875 0.140625 0.888671875 0.1614583328125 0.8828125 0.17881944375 0.8828125 0.18923611093749998 0.8876953125 0.20138888906250002 0.8994140625 0.20486111093749998 0.904296875 0.21354166718749998 0.900390625 0.27256944375000003 0.8955078125 0.27777777812500004 0.8818359375 0.27430555624999997 0.869140625 0.2829861109375 0.869140625 0.33159722187499996 0.865234375 0.359375 0.8701171875 0.3645833328125 0.8955078125 0.3611111109375