0,011507 -0,000638 0,999934 -0,014998 -0,999933 0,001660 0,011508 0,000188 -0,001667 -0,999999 -0,000619 -0,000046
0,011808 -0,001916 0,999928 -0,012632 -0,999896 -0,008331 0,011791 -0,002126 0,008308 -0,999964 -0,002014 0,005531
0,007689 0,003583 0,999964 -0,018659 -0,999803 -0,018255 0,007753 0,001790 0,018282 -0,999827 0,003442 0,031353
0,000182 -0,008750 0,999962 -0,021038 -0,999555 -0,029816 -0,000079 0,003702 0,029815 -0,999517 -0,008752 0,074623
0,005087 -0,007684 0,999958 -0,019194 -0,999687 -0,024548 0,004897 0,011553 0,024509 -0,999669 -0,007807 0,100563
0,003508 -0,016377 0,999860 -0,020570 -0,999539 -0,030200 0,003012 0,011693 0,030146 -0,999410 -0,016476 0,119477
0,007795 -0,006403 0,999949 -0,013172 -0,999190 -0,039524 0,007536 0,005102 0,039474 -0,999198 -0,006706 0,125512
0,058592 -0,124497 0,990489 -0,040449 -0,996405 -0,068112 0,050381 0,009121 0,061192 -0,989879 -0,128040 0,127332
0,086681 -0,268178 0,959462 -0,164210 -0,992443 -0,107203 0,059696 0,010183 0,086848 -0,957386 -0,275444 0,137371
0,099192 -0,299271 0,948998 -0,227964 -0,990358 -0,122380 0,064922 0,008036 0,096710 -0,946288 -0,308525 0,181507
0,134516 -0,299988 0,944411 -0,208978 -0,982969 -0,160828 0,088922 -0,009247 0,125213 -0,940288 -0,316512 0,285050
0,165248 -0,325046 0,931149 -0,216075 -0,974297 -0,200358 0,102964 -0,022173 0,153095 -0,924230 -0,349800 0,335697
0,283652 -0,539684 0,792643 -0,297780 -0,951606 -0,260370 0,163260 -0,042532 0,118272 -0,800593 -0,587421 0,379652
0,302750 -0,611261 0,731233 -0,385559 -0,950133 -0,253764 0,181251 -0,060874 0,074769 -0,749642 -0,657606 0,392852
0,322672 -0,623187 0,712405 -0,447074 -0,943045 -0,2source /opt/ros/humble/setup.bash

rtabmap-databaseViewer ~/.ros/rtabmap.db76025 0,185679 -0,058236 0,080929 -0,731744 -0,676758 0,419929
0,312690 -0,611035 0,727229 -0,412880 -0,945861 -0,270442 0,179465 -0,052547 0,087014 -0,743974 -0,662519 0,449965
0,332016 -0,586800 0,738533 -0,377535 -0,936655 -0,297684 0,184560 -0,043114 0,111550 -0,753027 -0,648465 0,481854
0,336058 -0,601028 0,725142 -0,359607 -0,934870 -0,306368 0,179323 -0,020777 0,114382 -0,738176 -0,664840 0,508066
0,320554 -0,599680 0,733232 -0,340119 -0,941936 -0,283535 0,179903 -0,017312 0,100013 -0,748326 -0,655749 0,526782
0,374965 -0,559030 0,739518 -0,319958 -0,913705 -0,357675 0,192905 -0,042162 0,156668 -0,748034 -0,644904 0,530686
0,432075 -0,533151 0,727366 -0,301344 -0,885772 -0,402446 0,231185 -0,073808 0,169469 -0,744169 -0,646137 0,526638
0,448280 -0,538506 0,713482 -0,294913 -0,877807 -0,415940 0,237592 -0,098889 0,168821 -0,732807 -0,659162 0,517983
0,457217 -0,496789 0,737667 -0,292414 -0,859956 -0,458456 0,224262 -0,101042 0,226777 -0,736898 -0,636831 0,508759
0,500802 -0,443042 0,743580 -0,273531 -0,814636 -0,531578 0,231933 -0,108491 0,292514 -0,721900 -0,627134 0,517357
0,544791 -0,390423 0,742140 -0,246036 -0,774317 -0,573959 0,266464 -0,113940 0,321925 -0,719820 -0,615000 0,531904source /opt/ros/humble/setup.bash

rtabmap-databaseViewer ~/.ros/rtabmap.db
0,484073 -0,316513 0,815777 -0,238834 -0,776064 -0,585971 0,233157 -0,125500 0,404225 -0,745960 -0,529288 0,529228
0,285817 -0,189944 0,939271 -0,232505 -0,765748 -0,634563 0,104690 -0,128917 0,576141 -0,749167 -0,326818 0,515478
0,078287 -0,097327 0,992169 -0,225688 -0,724205 -0,689505 -0,010494 -0,131253 0,685126 -0,717712 -0,124464 0,505285
0,056879 -0,112800 0,991988 -0,217716 -0,717847 -0,695169 -0,037888 -0,165716 0,693874 -0,709941 -0,120513 0,494508
0,101699 -0,097391 0,990036 -0,231665 -0,696828 -0,717238 0,001025 -0,192598 0,709992 -0,689989 -0,140807 0,492261
0,232929 -0,163945 0,958575 -0,277545 -0,691960 -0,720537 0,044910 -0,207397 0,683326 -0,673757 -0,281278 0,510975
0,327555 -0,234423 0,915289 -0,343250 -0,701183 -0,709616 0,069186 -0,225027 0,633285 -0,664448 -0,396812 0,536601
0,388626 -0,274394 0,879589 -0,390245 -0,700250 -0,708404 0,088397 -0,236213 0,598849 -0,650286 -0,467449 0,563718
0,462947 -0,308167 0,831091 -0,426426 -0,699158 -0,703292 0,128676 -0,243907 0,544846 -0,640635 -0,541045 0,589071
0,550900 -0,311210 0,774376 -0,404469 -0,679300 -0,706242 0,199434 -0,236192 0,484831 -0,635901 -0,600474 0,609848
0,652303 -0,370942 0,660986 -0,385047 -0,664721 -0,699000 0,263714 -0,238230 0,364206 -0,611393 -0,702533 0,630682
0,729529 -0,403800 0,552027 -0,387650 -0,625428 -0,720521 0,299481 -0,239503 0,276817 -0,563733 -0,778189 0,666256
0,778569 -0,428198 0,458777 -0,401159 -0,597781 -0,728547 0,334480 -0,238395 0,191017 -0,534665 -0,823193 0,686337
0,807991 -0,453981 0,375567 -0,419677 -0,576313 -0,741513 0,343541 -0,245847 0,122527 -0,494023 -0,860772 0,714153
0,826648 -0,490499 0,275797 -0,438357 -0,561722 -0,748444 0,352562 -0,253575 0,033488 -0,446365 -0,894224 0,736831
0,844976 -0,505823 0,173663 -0,472197 -0,532192 -0,763226 0,366412 -0,258556 -0,052796 -0,402031 -0,914103 0,765503
0,804264 -0,574736 0,151121 -0,489704 -0,586399 -0,726264 0,358717 -0,244462 -0,096414 -0,377121 -0,921132 0,779824
0,731866 -0,660301 0,168447 -0,503411 -0,671919 -0,658045 0,339855 -0,230848 -0,113561 -0,361911 -0,925270 0,790661
0,589706 -0,784300 0,192664 -0,505646 -0,793620 -0,518531 0,318266 -0,198693 -0,149714 -0,340586 -0,928217 0,774915
0,466523 -0,856383 0,221280 -0,514721 -0,864223 -0,388057 0,320203 -0,175428 -0,188347 -0,340618 -0,921143 0,753642
0,371863 -0,899182 0,230627 -0,524318 -0,904687 -0,295380 0,307069 -0,147906 -0,207989 -0,322833 -0,923320 0,777592
0,284846 -0,935647 0,208390 -0,528128 -0,934201 -0,222253 0,279057 -0,078921 -0,214783 -0,274166 -0,937391 0,814547
0,282758 -0,939463 0,193537 -0,525243 -0,933083 -0,222648 0,282461 -0,054790 -0,222271 -0,260454 -0,939553 0,827191
0,266714 -0,941955 0,203924 -0,527026 -0,943056 -0,211434 0,256790 -0,015420 -0,198769 -0,260801 -0,944708 0,839700
0,279915 -0,939706 0,196472 -0,518700 -0,937698 -0,223738 0,265827 0,018090 -0,205841 -0,258640 -0,943788 0,854618
0,325561 -0,930326 0,168828 -0,505207 -0,923204 -0,274203 0,269272 0,042792 -0,204217 -0,243527 -0,948151 0,866600
0,385395 -0,908060 0,164004 -0,513361 -0,901468 -0,332558 0,277058 0,007208 -0,197044 -0,254621 -0,946753 0,843632
0,425283 -0,902489 0,068185 -0,505527 -0,877556 -0,392755 0,275027 -0,051077 -0,221429 -0,176800 -0,959016 0,868631
0,402101 -0,906360 -0,129718 -0,505475 -0,865760 -0,422483 0,268269 -0,106571 -0,297952 0,004434 -0,954571 0,917146
0,369223 -0,907757 -0,199128 -0,507595 -0,872999 -0,412254 0,260612 -0,147901 -0,318664 0,077615 -0,944685 0,969420
0,395038 -0,901709 -0,175688 -0,482982 -0,857447 -0,430552 0,281798 -0,151022 -0,329742 0,039322 -0,943252 0,996201
0,425001 -0,881196 -0,207046 -0,466440 -0,833618 -0,470163 0,289875 -0,156123 -0,352783 0,049400 -0,934401 0,981680
0,413058 -0,803511 -0,428665 -0,446878 -0,800071 -0,545022 0,250675 -0,166506 -0,435052 0,239419 -0,867991 1,019781
0,381328 -0,761232 -0,524514 -0,453202 -0,792554 -0,561275 0,238387 -0,202009 -0,475865 0,324802 -0,817347 1,078483
0,373111 -0,755576 -0,538417 -0,453726 -0,799974 -0,555932 0,225790 -0,226299 -0,469925 0,346475 -0,811866 1,115046
0,323835 -0,822495 -0,467581 -0,435432 -0,802135 -0,500754 0,325308 -0,248606 -0,501707 0,269717 -0,821914 1,093106
0,336590 -0,824043 -0,455698 -0,400382 -0,828083 -0,489425 0,273390 -0,284263 -0,448315 0,285335 -0,847111 1,091318
0,377727 -0,873410 -0,307371 -0,395034 -0,870537 -0,448080 0,203442 -0,291085 -0,315416 0,190733 -0,929588 1,085203
0,394374 -0,851204 -0,346296 -0,358755 -0,857768 -0,476182 0,193611 -0,277706 -0,329702 0,220687 -0,917929 1,102611
0,380250 -0,788678 -0,483111 -0,268523 -0,836286 -0,516283 0,184603 -0,257626 -0,395014 0,333824 -0,855877 1,153579
0,396033 -0,672193 -0,625552 -0,209309 -0,789385 -0,597245 0,142021 -0,229838 -0,469073 0,437556 -0,767148 1,185144
0,398863 -0,609996 -0,684699 -0,181134 -0,758325 -0,639238 0,127741 -0,243866 -0,515607 0,468274 -0,717544 1,212557
0,427933 -0,621108 -0,656580 -0,161792 -0,749771 -0,649619 0,125852 -0,230871 -0,504695 0,438429 -0,743683 1,188815
0,396115 -0,519654 -0,757002 -0,097249 -0,719703 -0,687687 0,095474 -0,191570 -0,570194 0,506998 -0,646400 1,176620
0,400455 -0,492027 -0,773011 -0,060477 -0,684853 -0,721185 0,104255 -0,153976 -0,608780 0,487649 -0,625768 1,160021
0,400017 -0,456056 -0,794984 -0,043941 -0,660950 -0,744457 0,094495 -0,124003 -0,634926 0,487645 -0,599225 1,143474
0,376970 -0,407125 -0,831951 -0,023314 -0,631563 -0,770008 0,090641 -0,091606 -0,677511 0,491261 -0,547395 1,100954
0,370250 -0,397524 -0,839577 -0,006901 -0,592817 -0,796952 0,115912 -0,076761 -0,715181 0,454799 -0,530730 1,080008
0,392072 -0,377486 -0,838919 0,005935 -0,567777 -0,816815 0,102187 -0,050664 -0,723815 0,436254 -0,534578 1,060906
0,379552 -0,345134 -0,858384 0,008421 -0,545837 -0,832665 0,093440 -0,025462 -0,746995 0,433072 -0,504427 1,050204
0,370297 -0,330197 -0,868245 0,031336 -0,508903 -0,854053 0,107757 -0,017298 -0,777108 0,401951 -0,484292 1,034550
0,365359 -0,366641 -0,855621 0,066733 -0,539696 -0,832346 0,126212 -0,056961 -0,758447 0,415662 -0,501980 1,045187
0,355883 -0,386041 -0,851070 0,074371 -0,587832 -0,800439 0,117268 -0,123774 -0,726499 0,458552 -0,511790 1,075563
0,360734 -0,362120 -0,859500 0,065792 -0,607706 -0,790330 0,077922 -0,184010 -0,707506 0,494214 -0,505162 1,130695
0,367321 -0,361098 -0,857137 0,105389 -0,666110 -0,745308 0,028528 -0,240927 -0,649132 0,560469 -0,514298 1,170304
0,393313 -0,382586 -0,836022 0,099675 -0,682920 -0,730378 0,012955 -0,243481 -0,615569 0,565841 -0,548543 1,168245
0,296022 -0,197430 -0,934555 0,152194 -0,626303 -0,778845 -0,033847 -0,229200 -0,721191 0,595333 -0,354206 1,188276
0,244637 -0,148281 -0,958210 0,220893 -0,619242 -0,784341 -0,036721 -0,226961 -0,746118 0,602347 -0,283700 1,231135
0,252235 -0,397665 -0,882179 0,309369 -0,659321 -0,737920 0,144121 -0,267093 -0,708289 0,545287 -0,448318 1,306328
0,162624 -0,619639 -0,767855 0,312478 -0,753757 -0,580202 0,308570 -0,295272 -0,636713 0,528596 -0,561412 1,366488
0,047807 -0,512904 -0,857114 0,186126 -0,755525 -0,579866 0,304856 -0,259776 -0,653373 0,632997 -0,415234 1,381698
0,049180 -0,195618 -0,979446 0,126225 -0,758239 -0,645613 0,090871 -0,240615 -0,650119 0,738185 -0,180076 1,304052
-0,042425 0,044802 -0,998095 0,053523 -0,753948 -0,656929 0,002559 -0,251199 -0,655563 0,752620 0,061648 1,289727
-0,069759 0,115009 -0,990912 0,035545 -0,764338 -0,644474 -0,020991 -0,318988 -0,641031 0,755928 0,132864 1,433915
-0,048090 0,104962 -0,993313 0,057660 -0,765613 -0,642562 -0,030832 -0,342203 -0,641501 0,759011 0,111261 1,533454
-0,079194 0,224825 -0,971176 0,168540 -0,797352 -0,599004 -0,073649 -0,313936 -0,598296 0,768537 0,226702 1,501759
-0,043391 0,098428 -0,994198 0,272482 -0,807576 -0,589311 -0,023097 -0,276137 -0,588165 0,801888 0,105059 1,437319
-0,004925 -0,002133 -0,999986 0,208091 -0,899825 -0,436219 0,005361 -0,351684 -0,436224 0,899838 0,000229 1,451684
-0,030753 -0,145764 -0,988841 0,311068 -0,963484 -0,258951 0,068136 -0,408177 -0,265993 0,954829 -0,132478 1,352572
-0,128366 -0,401597 -0,906776 0,339130 -0,977316 -0,104079 0,184446 -0,479579 -0,168449 0,909883 -0,379128 1,340214
-0,267077 -0,804645 -0,530299 0,377669 -0,932110 0,076009 0,354111 -0,545224 -0,244626 0,588872 -0,770317 1,461610
-0,272926 -0,957948 -0,088582 0,437610 -0,914232 0,229598 0,333864 -0,602756 -0,299486 0,172105 -0,938450 1,538759
-0,308362 -0,942545 0,128538 0,593508 -0,900616 0,332769 0,279564 -0,732584 -0,306275 -0,029556 -0,951484 1,631992source /opt/ros/humble/setup.bash

rtabmap-databaseViewer ~/.ros/rtabmap.db
-0,320588 -0,916371 0,239765 0,731733 -0,892470 0,377031 0,247681 -0,791326 -0,317366 -0,134580 -0,938705 1,599235
-0,329583 -0,887789 0,321257 0,885543 -0,885568 0,408665 0,220823 -0,821275 -0,327330 -0,211715 -0,920886 1,546855
-0,349384 -0,895277 0,276425 1,053357 -0,869452 0,419743 0,260518 -0,877479 -0,349264 -0,149317 -0,925051 1,590901
-0,341439 -0,886222 0,313098 1,231100 -0,866782 0,425711 0,259731 -0,923014 -0,363468 -0,182705 -0,913515 1,593030
-0,355599 -0,854843 0,377879 1,351450 -0,856936 0,459599 0,233302 -0,948026 -0,373110 -0,240856 -0,895979 1,582522
-0,457465 -0,806022 0,375572 1,341064 -0,789158 0,562650 0,246282 -0,977529 -0,409824 -0,183721 -0,893471 1,582705
-0,566193 -0,734618 0,373849 1,313653 -0,702032 0,667449 0,248322 -1,014310 -0,431947 -0,121856 -0,893629 1,566289
-0,702635 -0,613859 0,359836 1,303709 -0,571206 0,788160 0,229188 -1,023789 -0,424297 -0,044505 -0,904429 1,556117
-0,612804 -0,698818 0,368950 1,299471 -0,660144 0,709339 0,247078 -0,999306 -0,434373 -0,092150 -0,896007 1,547886
-0,364919 -0,850826 0,378059 1,347030 -0,831936 0,480284 0,277865 -0,997710 -0,417991 -0,213123 -0,883098 1,568441
-0,216905 -0,899829 0,378498 1,387628 -0,899391 0,334954 0,280896 -0,992621 -0,379537 -0,279489 -0,881951 1,584058
-0,154099 -0,927023 0,341881 1,390493 -0,918462 0,261957 0,296321 -0,967631 -0,364255 -0,268342 -0,891802 1,592105
-0,169770 -0,934593 0,312592 1,371408 -0,921813 0,262766 0,284983 -0,931057 -0,348482 -0,239769 -0,906130 1,605144
-0,186121 -0,956090 0,226388 1,342008 -0,923955 0,248682 0,290629 -0,902647 -0,334166 -0,155080 -0,929668 1,610667
-0,117217 -0,986427 -0,114986 1,410093 -0,938748 0,072274 0,336940 -0,791660 -0,324057 0,147438 -0,934478 1,498956
-0,139949 -0,960099 -0,242123 1,588387 -0,939717 0,051735 0,338017 -0,697286 -0,312004 0,274833 -0,909462 1,299282
-0,120509 -0,933597 -0,337452 1,713139 -0,930574 -0,012139 0,365904 -0,651113 -0,345703 0,358119 -0,867318 1,211534
-0,110052 -0,924931 -0,363857 1,929639 -0,940344 -0,021683 0,339534 -0,641469 -0,321935 0,379517 -0,867367 1,174814
-0,142619 -0,864153 -0,482596 1,962116 -0,949742 -0,017791 0,312528 -0,624127 -0,278658 0,502914 -0,818186 1,118900
-0,202834 -0,834486 -0,512338 1,958916 -0,944959 0,029632 0,325845 -0,603922 -0,256732 0,550231 -0,794566 1,036206
-0,210364 -0,774027 -0,597184 1,946856 -0,952298 0,024102 0,304216 -0,562735 -0,221078 0,632693 -0,742175 0,962192
-0,206442 -0,805388 -0,555636 2,039836 -0,950959 0,031463 0,307714 -0,573551 -0,230347 0,591912 -0,772386 0,920769
-0,227534 -0,698614 -0,678357 2,066079 -0,949253 0,003792 0,314492 -0,576236 -0,217136 0,715489 -0,664024 0,863587
-0,222634 -0,515352 -0,827555 2,053098 -0,956431 -0,048999 0,287818 -0,560042 -0,188877 0,855577 -0,481989 0,828630
-0,234001 -0,396712 -0,887617 2,001720 -0,960231 -0,048726 0,274922 -0,565090 -0,152315 0,916649 -0,369534 0,815667
-0,139497 0,025814 -0,989886 1,858409 -0,979337 -0,151413 0,134062 -0,548159 -0,146421 0,988133 0,046403 0,796787
-0,109370 0,293269 -0,949754 1,637096 -0,984918 -0,160845 0,063753 -0,462410 -0,134067 0,942402 0,306437 0,606290
-0,041230 0,859671 -0,509182 1,645334 -0,978125 -0,138722 -0,155007 -0,317149 -0,203889 0,491653 0,846585 0,269459
-0,098259 0,994839 -0,025324 1,497010 -0,968597 -0,101446 -0,226999 -0,388845 -0,228397 0,002224 0,973566 0,441751
-0,195544 0,976874 0,086482 1,288890 -0,961683 -0,173726 -0,212096 -0,316339 -0,192167 -0,124642 0,973415 0,386547
-0,259338 0,961159 0,094427 1,123482 -0,942236 -0,230342 -0,243177 -0,251418 -0,211981 -0,152038 0,965375 0,384930
-0,298888 0,933039 0,200260 1,024047 -0,934918 -0,244235 -0,257444 -0,192884 -0,191295 -0,264173 0,945314 0,310951
-0,284759 0,911465 0,296890 0,902590 -0,937478 -0,200137 -0,284745 -0,100619 -0,200117 -0,359412 0,911469 0,209902
-0,273065 0,899632 0,340730 0,709794 -0,945010 -0,184589 -0,269970 0,041069 -0,179979 -0,395713 0,900566 0,392475
-0,417031 0,817105 0,398025 0,562970 -0,899790 -0,309338 -0,307716 0,189962 -0,128312 -0,486466 0,864226 0,405645
-0,454441 0,713114 0,533809 0,475139 -0,890092 -0,340034 -0,303500 0,264571 -0,034917 -0,613062 0,789263 0,395455
-0,480579 0,644764 0,594410 0,400398 -0,876734 -0,368333 -0,309303 0,324676 0,019514 -0,669784 0,742299 0,453169
-0,495811 0,626829 0,601046 0,372309 -0,868276 -0,370857 -0,329487 0,331744 0,016370 -0,685237 0,728136 0,496575
-0,501068 0,625230 0,598346 0,345034 -0,865277 -0,373960 -0,333841 0,333486 0,015030 -0,685012 0,728377 0,521784
-0,483501 0,630579 0,607122 0,329093 -0,875340 -0,350358 -0,333211 0,318349 0,002594 -0,692546 0,721369 0,543633
-0,465248 0,632766 0,618993 0,318953 -0,884997 -0,318255 -0,339845 0,274503 -0,018044 -0,705919 0,708063 0,547240
-0,447609 0,610972 0,652963 0,305670 -0,894123 -0,294493 -0,337370 0,230951 -0,013831 -0,734838 0,678101 0,548664
-0,430674 0,577317 0,693704 0,277663 -0,901970 -0,3source /opt/ros/humble/setup.bash

rtabmap-databaseViewer ~/.ros/rtabmap.db01842 -0,308773 0,205910 0,031129 -0,758681 0,650718 0,534801
-0,338956 0,401975 0,850603 0,156369 -0,933394 -0,256922 -0,250532 0,217497 0,117831 -0,878867 0,462286 0,479889
-0,238676 0,290447 0,926647 0,094194 -0,954861 -0,243966 -0,169475 0,215977 0,176847 -0,925268 0,335565 0,404146
-0,155137 0,262874 0,952276 0,092693 -0,976801 -0,184865 -0,108100 0,220212 0,147625 -0,946954 0,285455 0,370221
-0,111735 0,228759 0,967049 0,106329 -0,984295 -0,159317 -0,076040 0,201873 0,136672 -0,960358 0,242968 0,252513
-0,082522 0,194768 0,977372 0,115327 -0,995632 -0,059094 -0,072288 0,209256 0,043677 -0,979068 0,198794 0,125630
-0,108739 0,148620 0,982898 0,039840 -0,994055 -0,021747 -0,106685 0,270761 0,005520 -0,988655 0,150102 0,110438
-0,105871 0,070571 0,991873 -0,005524 -0,991371 0,070049 -0,110802 0,299864 -0,077299 -0,995044 0,062546 0,064014
-0,100058 0,072895 0,992308 -0,020528 -0,979716 0,166814 -0,111042 0,342325 -0,173625 -0,983290 0,054726 -0,028846
-0,102849 0,115060 0,988020 0,008899 -0,990620 0,077992 -0,112202 0,341423 -0,089967 -0,990292 0,105959 -0,182084
-0,133361 0,091115 0,986870 0,030349 -0,990337 0,025993 -0,136229 0,297224 -0,038064 -0,995501 0,086768 -0,323200
-0,133176 0,067064 0,988821 0,006117 -0,990855 0,012850 -0,134321 0,254422 -0,021714 -0,997666 0,064740 -0,345071
-0,123118 0,065187 0,990249 -0,010168 -0,988921 0,075324 -0,127912 0,240824 -0,082928 -0,995026 0,055191 -0,369104
-0,114092 0,095468 0,988873 -0,011719 -0,989120 0,082135 -0,122050 0,205713 -0,092873 -0,992038 0,085058 -0,379871
